0.000000000000000000e+00 1.428999256010870411e+00 2.139541771258208786e-03
0.000000000000000000e+00 1.428700293259112186e+00 4.337524808684695317e-03
2.000000000000000000e+00 1.428401322124605244e+00 6.535527302935258652e-03
4.000000000000000000e+00 1.428102339761530004e+00 8.733548738993533733e-03
6.000000000000000000e+00 1.427803343323606811e+00 1.093158860170303885e-02
8.000000000000000000e+00 1.427504329963982244e+00 1.312964637576539972e-02
1.000000000000000000e+01 1.427205296835126980e+00 1.532772154573858181e-02
1.200000000000000000e+01 1.426906241088726546e+00 1.752581359603509401e-02
1.400000000000000000e+01 1.426607159875574737e+00 1.972392201092020708e-02
1.600000000000000000e+01 1.426308050345461709e+00 2.192204627451018600e-02
1.800000000000000000e+01 1.426008909647074496e+00 2.412018587077042683e-02
2.000000000000000000e+01 1.425709734927881556e+00 2.631834028351382263e-02
2.200000000000000000e+01 1.425410523334027957e+00 2.851759206427095447e-02
2.400000000000000000e+01 1.425111272010231467e+00 3.071585780818152436e-02
2.600000000000000000e+01 1.424811978099665311e+00 3.291413676524063830e-02
2.800000000000000000e+01 1.424512638743861359e+00 3.511242841463047687e-02
3.000000000000000000e+01 1.424213251082591114e+00 3.731073223537511446e-02
3.200000000000000000e+01 1.423913812253763567e+00 3.950904770633902052e-02
3.400000000000000000e+01 1.423614319393317729e+00 4.170737430622537684e-02
3.600000000000000000e+01 1.423314769635109833e+00 4.390571151357445384e-02
3.800000000000000000e+01 1.423015160110804089e+00 4.610405880676222978e-02
4.000000000000000000e+01 1.422715487949769653e+00 4.830241566399842007e-02
4.200000000000000000e+01 1.422415750278964275e+00 5.050078156332509643e-02
4.400000000000000000e+01 1.422115944222829498e+00 5.269915598261493833e-02
4.600000000000000000e+01 1.421816066903177855e+00 5.489753839956947740e-02
4.800000000000000000e+01 1.421516115439088068e+00 5.709592829171770273e-02
5.000000000000000000e+01 1.421216086946788693e+00 5.929432513641402780e-02
5.200000000000000000e+01 1.420915978539552427e+00 6.149272841083673613e-02
5.400000000000000000e+01 1.420615787327580648e+00 6.369113759198621882e-02
5.600000000000000000e+01 1.420315510417902161e+00 6.588955215668322596e-02
5.800000000000000000e+01 1.420015144914248850e+00 6.808797158156711105e-02
6.000000000000000000e+01 1.419714687916957097e+00 7.028639534309399917e-02
6.200000000000000000e+01 1.419414136522846981e+00 7.248482291753489959e-02
6.400000000000000000e+01 1.419113487825116593e+00 7.468325378097409595e-02
6.600000000000000000e+01 1.418812738913224791e+00 7.688168740930689804e-02
6.800000000000000000e+01 1.418511886872783734e+00 7.908012327823824017e-02
7.000000000000000000e+01 1.418210928785442526e+00 8.127856086328050234e-02
7.200000000000000000e+01 1.417909861728775311e+00 8.347699963975141468e-02
7.400000000000000000e+01 1.417608682776166695e+00 8.567543908277230891e-02
7.600000000000000000e+01 1.417307388996701611e+00 8.787387866726631414e-02
7.800000000000000000e+01 1.417005977455048082e+00 9.007231786795598383e-02
8.000000000000000000e+01 1.416704445211341756e+00 9.227075615936136677e-02
8.200000000000000000e+01 1.416402789321075772e+00 9.446919301579805028e-02
8.400000000000000000e+01 1.416101006834979970e+00 9.666762791137488431e-02
8.600000000000000000e+01 1.415799094798908975e+00 9.886606031999209399e-02
8.800000000000000000e+01 1.415497050253725853e+00 1.010644897153388927e-01
9.000000000000000000e+01 1.415194870235184865e+00 1.032629155708912061e-01
9.200000000000000000e+01 1.414892551773814233e+00 1.054613373599096876e-01
9.400000000000000000e+01 1.414590091894800672e+00 1.076597545554375535e-01
9.600000000000000000e+01 1.414287487617870376e+00 1.098581666302978904e-01
9.800000000000000000e+01 1.413984735957170891e+00 1.120565730570914770e-01
1.000000000000000000e+02 1.413681833921152986e+00 1.142549733081947710e-01
1.020000000000000000e+02 1.413378778512453415e+00 1.164533668557568152e-01
1.040000000000000000e+02 1.413075566727770571e+00 1.186517531716972801e-01
1.060000000000000000e+02 1.412772195557750798e+00 1.208501317277040771e-01
1.080000000000000000e+02 1.412468661986861385e+00 1.230485019952306802e-01
1.100000000000000000e+02 1.412164962993275985e+00 1.252468634454932395e-01
1.120000000000000000e+02 1.411861095548749390e+00 1.274452155494682493e-01
1.140000000000000000e+02 1.411557056618494954e+00 1.296435577778900505e-01
1.160000000000000000e+02 1.411252843161064696e+00 1.318418896012481800e-01
1.180000000000000000e+02 1.410948452128224062e+00 1.340402104897840674e-01
1.200000000000000000e+02 1.410643880464830247e+00 1.362385199134889535e-01
1.220000000000000000e+02 1.410339125108704295e+00 1.384368173421004766e-01
1.240000000000000000e+02 1.410034182990512974e+00 1.406351022451003963e-01
1.260000000000000000e+02 1.409729051033634661e+00 1.428333740917112349e-01
1.280000000000000000e+02 1.409423726154042100e+00 1.450316323508934468e-01
1.300000000000000000e+02 1.409118205260168288e+00 1.472298764913422264e-01
1.320000000000000000e+02 1.408812485252783908e+00 1.494281059814850099e-01
1.340000000000000000e+02 1.408506563024869429e+00 1.516263202894774231e-01
1.360000000000000000e+02 1.408200435461483657e+00 1.538245188832011445e-01
1.380000000000000000e+02 1.407894099439637614e+00 1.560227012302599636e-01
1.400000000000000000e+02 1.407587551828161310e+00 1.582208667979767835e-01
1.420000000000000000e+02 1.407280789487577621e+00 1.604190150533900405e-01
1.440000000000000000e+02 1.406973809269967290e+00 1.626171454632507340e-01
1.460000000000000000e+02 1.406666608018840137e+00 1.648152574940189297e-01
1.480000000000000000e+02 1.406359182568998278e+00 1.670133506118594846e-01
1.500000000000000000e+02 1.406051529746408235e+00 1.692114242826398551e-01
1.520000000000000000e+02 1.405743646368061484e+00 1.714094779719252115e-01
1.540000000000000000e+02 1.405435529241843007e+00 1.736075111449754405e-01
1.560000000000000000e+02 1.405127175166395403e+00 1.758055232667408985e-01
1.580000000000000000e+02 1.404818580930980332e+00 1.780035138018596363e-01
1.600000000000000000e+02 1.404509743315344394e+00 1.802014822146523754e-01
1.620000000000000000e+02 1.404200659089577918e+00 1.823994279691192877e-01
1.640000000000000000e+02 1.403891325013979063e+00 1.845973505289353056e-01
1.660000000000000000e+02 1.403581737838913490e+00 1.867952493574467909e-01
1.680000000000000000e+02 1.403271894304672252e+00 1.889931239176672328e-01
1.700000000000000000e+02 1.402961791141331460e+00 1.911909736722726405e-01
1.720000000000000000e+02 1.402651425068611957e+00 1.933887980835977405e-01
1.740000000000000000e+02 1.402340792795731872e+00 1.955865966136312584e-01
1.760000000000000000e+02 1.402029891021267183e+00 1.977843687240122827e-01
1.780000000000000000e+02 1.401718716433005163e+00 1.999821138760241312e-01
1.800000000000000000e+02 1.401407265707797833e+00 2.021798315305921301e-01
1.820000000000000000e+02 1.401095535511415413e+00 2.043775211482767307e-01
1.840000000000000000e+02 1.400783522498399769e+00 2.065751821892703177e-01
1.860000000000000000e+02 1.400471223311914315e+00 2.087728141133917970e-01
1.880000000000000000e+02 1.400158634583596573e+00 2.109704163800812105e-01
1.900000000000000000e+02 1.399845752933404519e+00 2.131679884483962950e-01
1.920000000000000000e+02 1.399532574969466481e+00 2.153655297770060983e-01
1.940000000000000000e+02 1.399219097287931035e+00 2.175630398241863994e-01
1.960000000000000000e+02 1.398905316472806248e+00 2.197605180478144626e-01
1.980000000000000000e+02 1.398591229095814903e+00 2.219579639053635423e-01
2.000000000000000000e+02 1.398276831716229296e+00 2.241553768538981084e-01
2.020000000000000000e+02 1.397962120880720249e+00 2.263527563500676298e-01
2.040000000000000000e+02 1.397647093123197237e+00 2.285501018501014114e-01
2.060000000000000000e+02 1.397331744964647626e+00 2.307474128098033483e-01
2.080000000000000000e+02 1.397016072912980356e+00 2.329446886845456532e-01
2.100000000000000000e+02 1.396700073462859848e+00 2.351419289292628612e-01
2.120000000000000000e+02 1.396383743095549690e+00 2.373391329984469722e-01
2.140000000000000000e+02 1.396067078278740325e+00 2.395363003461404017e-01
2.160000000000000000e+02 1.395750075466391849e+00 2.417334304259300404e-01
2.180000000000000000e+02 1.395432731098564361e+00 2.439305226909417312e-01
2.200000000000000000e+02 1.395115041601251882e+00 2.461275765938334692e-01
2.220000000000000000e+02 1.394797003386211820e+00 2.483245915867887954e-01
2.240000000000000000e+02 1.394478612850796218e+00 2.505215671215112461e-01
2.260000000000000000e+02 1.394159866377782109e+00 2.527185026492164699e-01
2.280000000000000000e+02 1.393840760335195661e+00 2.549153976206267602e-01
2.300000000000000000e+02 1.393521291076142532e+00 2.571122514859633945e-01
2.320000000000000000e+02 1.393201454938628459e+00 2.593090636949399452e-01
2.340000000000000000e+02 1.392881248245386061e+00 2.615058336967556185e-01
2.360000000000000000e+02 1.392560667303695432e+00 2.637025609400878712e-01
2.380000000000000000e+02 1.392239708405205612e+00 2.658992448730855829e-01
2.400000000000000000e+02 1.391918367825754288e+00 2.680958849433605629e-01
2.420000000000000000e+02 1.391596641825181280e+00 2.702924805979810552e-01
2.440000000000000000e+02 1.391274526647154453e+00 2.724890312834646333e-01
2.460000000000000000e+02 1.390952018518974320e+00 2.746855364457694848e-01
2.480000000000000000e+02 1.390629113651394633e+00 2.768819955302871394e-01
2.500000000000000000e+02 1.390305808238430529e+00 2.790784079818340313e-01
2.520000000000000000e+02 1.389982098457171134e+00 2.812747732446445603e-01
2.540000000000000000e+02 1.389657980467589482e+00 2.834710907623614329e-01
2.560000000000000000e+02 1.389333450412344462e+00 2.856673599780286676e-01
2.580000000000000000e+02 1.389008504416592515e+00 2.878635803340827137e-01
2.600000000000000000e+02 1.388683138587788690e+00 2.900597512723437910e-01
2.620000000000000000e+02 1.388357349015492126e+00 2.922558722340071191e-01
2.640000000000000000e+02 1.388031131771162663e+00 2.944519426596346467e-01
2.660000000000000000e+02 1.387704482907960113e+00 2.966479619891454478e-01
2.680000000000000000e+02 1.387377398460547973e+00 2.988439296618075058e-01
2.700000000000000000e+02 1.387049874444882036e+00 3.010398451162276667e-01
2.720000000000000000e+02 1.386721906858007003e+00 3.032357077903427012e-01
2.740000000000000000e+02 1.386393491677849532e+00 3.054315171214102009e-01
2.760000000000000000e+02 1.386064624863009520e+00 3.076272725459976431e-01
2.780000000000000000e+02 1.385735302352544274e+00 3.098229734999742302e-01
2.800000000000000000e+02 1.385405520065759788e+00 3.120186194185002870e-01
2.820000000000000000e+02 1.385075273901992254e+00 3.142142097360166031e-01
2.840000000000000000e+02 1.384744559740395786e+00 3.164097438862358280e-01
2.860000000000000000e+02 1.384413373439716821e+00 3.186052213021309254e-01
2.880000000000000000e+02 1.384081710838078294e+00 3.208006414159244035e-01
2.900000000000000000e+02 1.383749567752756704e+00 3.229960036590782679e-01
2.920000000000000000e+02 1.383416939979954741e+00 3.251913074622836963e-01
2.940000000000000000e+02 1.383083823294573911e+00 3.273865522554493257e-01
2.960000000000000000e+02 1.382750213449989829e+00 3.295817374676899836e-01
2.980000000000000000e+02 1.382416106177816850e+00 3.317768625273158078e-01
3.000000000000000000e+02 1.382081497187677144e+00 3.339719268618204229e-01
3.020000000000000000e+02 1.381746382166966214e+00 3.361669298978707254e-01
3.040000000000000000e+02 1.381410756780613980e+00 3.383618710612933955e-01
3.060000000000000000e+02 1.381074616670842303e+00 3.405567497770632390e-01
3.080000000000000000e+02 1.380737957456931397e+00 3.427515654692918079e-01
3.100000000000000000e+02 1.380400774734969360e+00 3.449463175612142440e-01
3.120000000000000000e+02 1.380063064077603485e+00 3.471410054751785657e-01
3.140000000000000000e+02 1.379724821033800453e+00 3.493356286326296800e-01
3.160000000000000000e+02 1.379386041128588758e+00 3.515301864541003907e-01
3.180000000000000000e+02 1.379046719862804693e+00 3.537246783591958543e-01
3.200000000000000000e+02 1.378706852712843656e+00 3.559191037665810353e-01
3.220000000000000000e+02 1.378366435130391920e+00 3.581134620939675495e-01
3.240000000000000000e+02 1.378025462542174395e+00 3.603077527580998418e-01
3.260000000000000000e+02 1.377683930349688168e+00 3.625019751747420305e-01
3.280000000000000000e+02 1.377341833928936055e+00 3.646961287586627520e-01
3.300000000000000000e+02 1.376999168630161030e+00 3.668902129236224496e-01
3.320000000000000000e+02 1.376655929777571785e+00 3.690842270823572746e-01
3.340000000000000000e+02 1.376312112669072718e+00 3.712781706465662079e-01
3.360000000000000000e+02 1.375967712575985047e+00 3.734720430268957392e-01
3.380000000000000000e+02 1.375622724742771474e+00 3.756658436329248230e-01
3.400000000000000000e+02 1.375277144386750194e+00 3.778595718731486697e-01
3.420000000000000000e+02 1.374930966697813339e+00 3.800532271549656449e-01
3.440000000000000000e+02 1.374584186838140099e+00 3.822468088846596723e-01
3.460000000000000000e+02 1.374236799941906284e+00 3.844403164673844131e-01
3.480000000000000000e+02 1.373888801114990343e+00 3.866337493071492215e-01
3.500000000000000000e+02 1.373540185434676708e+00 3.888271068068009928e-01
3.520000000000000000e+02 1.373190947949361806e+00 3.910203883680082870e-01
3.540000000000000000e+02 1.372841083678247642e+00 3.932135933912442871e-01
3.560000000000000000e+02 1.372490587611038038e+00 3.954067212757704231e-01
3.580000000000000000e+02 1.372139454707631323e+00 3.975997714196191635e-01
3.600000000000000000e+02 1.371787679897810364e+00 3.997927432195751973e-01
3.620000000000000000e+02 1.371435258080925479e+00 4.019856360711596133e-01
3.640000000000000000e+02 1.371082184125580916e+00 4.041784493686112478e-01
3.660000000000000000e+02 1.370728452869309777e+00 4.063711825048679227e-01
3.680000000000000000e+02 1.370374059118254273e+00 4.085638348715497914e-01
3.700000000000000000e+02 1.370018997646834435e+00 4.107564058589389666e-01
3.720000000000000000e+02 1.369663263197420378e+00 4.129488948559608685e-01
3.740000000000000000e+02 1.369306850480000115e+00 4.151413012501651290e-01
3.760000000000000000e+02 1.368949754171834066e+00 4.173336244277071061e-01
3.780000000000000000e+02 1.368591968917123758e+00 4.195258637733265683e-01
3.800000000000000000e+02 1.368233489326660113e+00 4.217180186703291533e-01
3.820000000000000000e+02 1.367874309977477054e+00 4.239100885005653852e-01
3.840000000000000000e+02 1.367514425412503343e+00 4.261020726444102458e-01
3.860000000000000000e+02 1.367153830140199311e+00 4.282939704807428583e-01
3.880000000000000000e+02 1.366792518634205145e+00 4.304857813869238936e-01
3.900000000000000000e+02 1.366430485332973177e+00 4.326775047387765860e-01
3.920000000000000000e+02 1.366067724639401071e+00 4.348691399105626965e-01
3.940000000000000000e+02 1.365704230920463225e+00 4.370606862749613075e-01
3.960000000000000000e+02 1.365339998506831520e+00 4.392521432030482842e-01
3.980000000000000000e+02 1.364975021692502288e+00 4.414435100642710164e-01
4.000000000000000000e+02 1.364609294734407285e+00 4.436347862264269915e-01
4.020000000000000000e+02 1.364242811852030002e+00 4.458259710556405353e-01
4.040000000000000000e+02 1.363875567227011310e+00 4.480170639163387203e-01
4.060000000000000000e+02 1.363507555002757776e+00 4.502080641712289943e-01
4.080000000000000000e+02 1.363138769284039320e+00 4.523989711812730352e-01
4.100000000000000000e+02 1.362769204136583312e+00 4.545897843056635468e-01
4.120000000000000000e+02 1.362398853586666903e+00 4.567805029017992791e-01
4.140000000000000000e+02 1.362027711620707571e+00 4.589711263252595486e-01
4.160000000000000000e+02 1.361655772184838575e+00 4.611616539297797579e-01
4.180000000000000000e+02 1.361283029184489735e+00 4.633520850672233626e-01
4.200000000000000000e+02 1.360909476483961988e+00 4.655424190875586676e-01
4.220000000000000000e+02 1.360535107905992191e+00 4.677326553388300723e-01
4.240000000000000000e+02 1.360159917231319682e+00 4.699227931671312586e-01
4.260000000000000000e+02 1.359783898198240415e+00 4.721128319165796561e-01
4.280000000000000000e+02 1.359407044502166428e+00 4.743027709292870764e-01
4.300000000000000000e+02 1.359029349795166652e+00 4.764926095453327348e-01
4.320000000000000000e+02 1.358650807685516604e+00 4.786823471027339960e-01
4.340000000000000000e+02 1.358271411737235645e+00 4.808719829374186183e-01
4.360000000000000000e+02 1.357891155469617139e+00 4.830615163831948333e-01
4.380000000000000000e+02 1.357510032356756824e+00 4.852509467717222580e-01
4.400000000000000000e+02 1.357128035827079415e+00 4.874402734324816411e-01
4.420000000000000000e+02 1.356745159262850109e+00 4.896294956927442765e-01
4.440000000000000000e+02 1.356361395999686081e+00 4.918186128775431931e-01
4.460000000000000000e+02 1.355976739326067992e+00 4.940076243096382380e-01
4.480000000000000000e+02 1.355591182482834611e+00 4.961965293094881546e-01
4.500000000000000000e+02 1.355204718662678331e+00 4.983853271952167763e-01
4.520000000000000000e+02 1.354817341009634468e+00 5.005740172825808854e-01
4.540000000000000000e+02 1.354429042618565227e+00 5.027625988849366845e-01
4.560000000000000000e+02 1.354039816534631235e+00 5.049510713132089323e-01
4.580000000000000000e+02 1.353649655752768410e+00 5.071394338758529186e-01
4.600000000000000000e+02 1.353258553217148830e+00 5.093276858788239325e-01
4.620000000000000000e+02 1.352866501820637168e+00 5.115158266255416253e-01
4.640000000000000000e+02 1.352473494404247134e+00 5.137038554168534832e-01
4.660000000000000000e+02 1.352079523756581914e+00 5.158917715510010771e-01
4.680000000000000000e+02 1.351684582613276397e+00 5.180795743235826478e-01
4.700000000000000000e+02 1.351288663656427858e+00 5.202672630275165799e-01
4.720000000000000000e+02 1.350891759514019519e+00 5.224548369530052083e-01
4.740000000000000000e+02 1.350493862759343244e+00 5.246422953874960715e-01
4.760000000000000000e+02 1.350094965910408007e+00 5.268296376156439420e-01
4.780000000000000000e+02 1.349695061429346588e+00 5.290168629192734118e-01
4.800000000000000000e+02 1.349294141721808948e+00 5.312039705773381471e-01
4.820000000000000000e+02 1.348892199136358272e+00 5.333909598658824747e-01
4.840000000000000000e+02 1.348489225963850124e+00 5.355778300579995266e-01
4.860000000000000000e+02 1.348085214436808954e+00 5.377645804237921601e-01
4.880000000000000000e+02 1.347680156728797485e+00 5.399512102303306582e-01
4.900000000000000000e+02 1.347274044953773675e+00 5.421377187416114296e-01
4.920000000000000000e+02 1.346866871165445900e+00 5.443241052185134876e-01
4.940000000000000000e+02 1.346458627356620141e+00 5.465103689187564839e-01
4.960000000000000000e+02 1.346049305458528522e+00 5.486965090968565217e-01
4.980000000000000000e+02 1.345638897340169393e+00 5.508825250040821908e-01
5.000000000000000000e+02 1.345227394807615440e+00 5.530684158884098256e-01
5.020000000000000000e+02 1.344814789603337779e+00 5.552541809944762097e-01
5.040000000000000000e+02 1.344401073405499858e+00 5.574398195635360542e-01
5.060000000000000000e+02 1.343986237827257568e+00 5.596253308334122600e-01
5.080000000000000000e+02 1.343570274416045152e+00 5.618107140384502873e-01
5.100000000000000000e+02 1.343153174652851334e+00 5.639959684094695280e-01
5.120000000000000000e+02 1.342734929951488354e+00 5.661810931737139008e-01
5.140000000000000000e+02 1.342315531657853001e+00 5.683660875548033342e-01
5.160000000000000000e+02 1.341894971049172547e+00 5.705509507726843621e-01
5.180000000000000000e+02 1.341473239333251577e+00 5.727356820435786089e-01
5.200000000000000000e+02 1.341050327647697493e+00 5.749202805799309424e-01
5.220000000000000000e+02 1.340626227059146913e+00 5.771047455903589585e-01
5.240000000000000000e+02 1.340200928562473415e+00 5.792890762795991355e-01
5.260000000000000000e+02 1.339774423079990839e+00 5.814732718484530993e-01
5.280000000000000000e+02 1.339346701460648603e+00 5.836573314937341106e-01
5.300000000000000000e+02 1.338917754479206579e+00 5.858412544082106654e-01
5.320000000000000000e+02 1.338487572835411754e+00 5.880250397805527607e-01
5.340000000000000000e+02 1.338056147153157127e+00 5.902086867952738292e-01
5.360000000000000000e+02 1.337623467979628167e+00 5.923921946326740073e-01
5.380000000000000000e+02 1.337189525784448385e+00 5.945755624687816265e-01
5.400000000000000000e+02 1.336754310958802705e+00 5.967587894752944822e-01
5.420000000000000000e+02 1.336317813814552835e+00 5.989418748195202147e-01
5.440000000000000000e+02 1.335880024583347314e+00 6.011248176643156915e-01
5.460000000000000000e+02 1.335440933415712017e+00 6.033076171680253896e-01
5.480000000000000000e+02 1.335000530380131778e+00 6.054902724844195561e-01
5.500000000000000000e+02 1.334558805462123132e+00 6.076727827626295930e-01
5.520000000000000000e+02 1.334115748563289294e+00 6.098551471470866625e-01
5.540000000000000000e+02 1.333671349500368031e+00 6.120373647774539627e-01
5.560000000000000000e+02 1.333225598004263546e+00 6.142194347885632233e-01
5.580000000000000000e+02 1.332778483719069484e+00 6.164013563103455384e-01
5.600000000000000000e+02 1.332329996201069733e+00 6.185831284677663078e-01
5.620000000000000000e+02 1.331880124917743657e+00 6.207647503807544043e-01
5.640000000000000000e+02 1.331428859246738483e+00 6.229462211641335623e-01
5.660000000000000000e+02 1.330976188474840782e+00 6.251275399275516564e-01
5.680000000000000000e+02 1.330522101796931977e+00 6.273087057754092033e-01
5.700000000000000000e+02 1.330066588314924303e+00 6.294897178067858645e-01
5.720000000000000000e+02 1.329609637036691439e+00 6.316705751153690596e-01
5.740000000000000000e+02 1.329151236874977826e+00 6.338512767893759170e-01
5.760000000000000000e+02 1.328691376646298217e+00 6.360318219114804439e-01
5.780000000000000000e+02 1.328230045069815013e+00 6.382122095587354771e-01
5.800000000000000000e+02 1.327767230766213835e+00 6.403924388024944125e-01
5.820000000000000000e+02 1.327302922256548001e+00 6.425725087083334897e-01
5.840000000000000000e+02 1.326837107961080342e+00 6.447524183359691907e-01
5.860000000000000000e+02 1.326369776198101036e+00 6.469321667391806363e-01
5.880000000000000000e+02 1.325900915182733897e+00 6.491117529657236540e-01
5.900000000000000000e+02 1.325430513025726675e+00 6.512911760572493991e-01
5.920000000000000000e+02 1.324958557732220044e+00 6.534704350492176461e-01
5.940000000000000000e+02 1.324485037200505033e+00 6.556495289708113017e-01
5.960000000000000000e+02 1.324009939220760046e+00 6.578284568448510283e-01
5.980000000000000000e+02 1.323533251473776318e+00 6.600072176877044283e-01
6.000000000000000000e+02 1.323054961529653184e+00 6.621858105091955604e-01
6.020000000000000000e+02 1.322575056846491570e+00 6.643642343125172323e-01
6.040000000000000000e+02 1.322093524769057282e+00 6.665424880941345220e-01
6.060000000000000000e+02 1.321610352527431864e+00 6.687205708436944063e-01
6.080000000000000000e+02 1.321125527235641250e+00 6.708984815439281713e-01
6.100000000000000000e+02 1.320639035890266655e+00 6.730762191705546016e-01
6.120000000000000000e+02 1.320150865369040361e+00 6.752537826921847230e-01
6.140000000000000000e+02 1.319661002429409535e+00 6.774311710702207723e-01
6.160000000000000000e+02 1.319169433707099159e+00 6.796083832587532791e-01
6.180000000000000000e+02 1.318676145714633208e+00 6.817854182044623679e-01
6.200000000000000000e+02 1.318181124839853169e+00 6.839622748465120639e-01
6.220000000000000000e+02 1.317684357344404589e+00 6.861389521164446004e-01
6.240000000000000000e+02 1.317185829362207627e+00 6.883154489380742813e-01
6.260000000000000000e+02 1.316685526897900083e+00 6.904917642273783462e-01
6.280000000000000000e+02 1.316183435825267978e+00 6.926678968923876134e-01
6.300000000000000000e+02 1.315679541885643289e+00 6.948438458330735701e-01
6.320000000000000000e+02 1.315173830686285683e+00 6.970196099412361290e-01
6.340000000000000000e+02 1.314666287698738500e+00 6.991951881003880542e-01
6.360000000000000000e+02 1.314156898257161643e+00 7.013705791856373883e-01
6.380000000000000000e+02 1.313645647556639595e+00 7.035457820635704351e-01
6.400000000000000000e+02 1.313132520651467239e+00 7.057207955921307452e-01
6.420000000000000000e+02 1.312617502453409024e+00 7.078956186204954371e-01
6.440000000000000000e+02 1.312100577729932382e+00 7.100702499889539610e-01
6.460000000000000000e+02 1.311581731102419823e+00 7.122446885287806451e-01
6.480000000000000000e+02 1.311060947044345504e+00 7.144189330621057987e-01
6.500000000000000000e+02 1.310538209879437588e+00 7.165929824017891470e-01
6.520000000000000000e+02 1.310013503779805077e+00 7.187668353512862707e-01
6.540000000000000000e+02 1.309486812764038888e+00 7.209404907045142696e-01
6.560000000000000000e+02 1.308958120695288940e+00 7.231139472457168704e-01
6.580000000000000000e+02 1.308427411279303065e+00 7.252872037493280910e-01
6.600000000000000000e+02 1.307894668062452581e+00 7.274602589798295771e-01
6.620000000000000000e+02 1.307359874429714353e+00 7.296331116916113801e-01
6.640000000000000000e+02 1.306823013602626204e+00 7.318057606288264072e-01
6.660000000000000000e+02 1.306284068637221907e+00 7.339782045252432052e-01
6.680000000000000000e+02 1.305743022421919974e+00 7.361504421041002999e-01
6.700000000000000000e+02 1.305199857675391151e+00 7.383224720779507644e-01
6.720000000000000000e+02 1.304654556944393029e+00 7.404942931485132274e-01
6.740000000000000000e+02 1.304107102601567370e+00 7.426659040065148876e-01
6.760000000000000000e+02 1.303557476843210772e+00 7.448373033315318636e-01
6.780000000000000000e+02 1.303005661687004491e+00 7.470084897918319866e-01
6.800000000000000000e+02 1.302451638969717607e+00 7.491794620442080443e-01
6.820000000000000000e+02 1.301895390344866676e+00 7.513502187338134686e-01
6.840000000000000000e+02 1.301336897280350513e+00 7.535207584939969117e-01
6.860000000000000000e+02 1.300776141056039670e+00 7.556910799461286077e-01
6.880000000000000000e+02 1.300213102761331285e+00 7.578611816994277328e-01
6.900000000000000000e+02 1.299647763292670177e+00 7.600310623507857688e-01
6.920000000000000000e+02 1.299080103351030857e+00 7.622007204845883122e-01
6.940000000000000000e+02 1.298510103439356023e+00 7.643701546725326645e-01
6.960000000000000000e+02 1.297937743859959525e+00 7.665393634734442019e-01
6.980000000000000000e+02 1.297363004711890255e+00 7.687083454330873034e-01
7.000000000000000000e+02 1.296785865888256062e+00 7.708770990839749482e-01
7.020000000000000000e+02 1.296206307073497044e+00 7.730456229451769801e-01
7.040000000000000000e+02 1.295624307740627756e+00 7.752139155221209332e-01
7.060000000000000000e+02 1.295039847148431456e+00 7.773819753063936355e-01
7.080000000000000000e+02 1.294452904338610821e+00 7.795498007755374825e-01
7.100000000000000000e+02 1.293863458132892497e+00 7.817173903928444911e-01
7.120000000000000000e+02 1.293271487130086328e+00 7.838847426071464675e-01
7.140000000000000000e+02 1.292676969703103751e+00 7.860518558526009558e-01
7.160000000000000000e+02 1.292079883995921996e+00 7.882187285484758554e-01
7.180000000000000000e+02 1.291480207920502110e+00 7.903853590989294853e-01
7.200000000000000000e+02 1.290877919153661679e+00 7.925517458927857639e-01
7.220000000000000000e+02 1.290272995133891598e+00 7.947178873033083901e-01
7.240000000000000000e+02 1.289665413058130206e+00 7.968837816879676961e-01
7.260000000000000000e+02 1.289055149878477025e+00 7.990494273882076115e-01
7.280000000000000000e+02 1.288442182298859429e+00 8.012148227292067437e-01
7.300000000000000000e+02 1.287826486771644241e+00 8.033799660196345727e-01
7.320000000000000000e+02 1.287208039494197820e+00 8.055448555514059805e-01
7.340000000000000000e+02 1.286586816405380418e+00 8.077094895994301194e-01
7.360000000000000000e+02 1.285962793181997021e+00 8.098738664213562810e-01
7.380000000000000000e+02 1.285335945235183353e+00 8.120379842573127727e-01
7.400000000000000000e+02 1.284706247706732363e+00 8.142018413296449042e-01
7.420000000000000000e+02 1.284073675465365660e+00 8.163654358426464253e-01
7.440000000000000000e+02 1.283438203102936548e+00 8.185287659822887418e-01
7.460000000000000000e+02 1.282799804930578880e+00 8.206918299159420283e-01
7.480000000000000000e+02 1.282158454974789308e+00 8.228546257920932305e-01
7.500000000000000000e+02 1.281514126973441137e+00 8.250171517400626264e-01
7.520000000000000000e+02 1.280866794371737782e+00 8.271794058697095053e-01
7.540000000000000000e+02 1.280216430318100507e+00 8.293413862711364049e-01
7.560000000000000000e+02 1.279563007659977103e+00 8.315030910143899057e-01
7.580000000000000000e+02 1.278906498939595515e+00 8.336645181491525447e-01
7.600000000000000000e+02 1.278246876389636633e+00 8.358256657044311755e-01
7.620000000000000000e+02 1.277584111928836030e+00 8.379865316882398885e-01
7.640000000000000000e+02 1.276918177157516432e+00 8.401471140872791565e-01
7.660000000000000000e+02 1.276249043353041124e+00 8.423074108666050996e-01
7.680000000000000000e+02 1.275576681465189210e+00 8.444674199692991934e-01
7.700000000000000000e+02 1.274901062111458039e+00 8.466271393161250991e-01
7.720000000000000000e+02 1.274222155572283910e+00 8.487865668051859380e-01
7.740000000000000000e+02 1.273539931786176638e+00 8.509457003115723506e-01
7.760000000000000000e+02 1.272854360344780389e+00 8.531045376870045605e-01
7.780000000000000000e+02 1.272165410487840376e+00 8.552630767594678884e-01
7.800000000000000000e+02 1.271473051098095830e+00 8.574213153328440473e-01
7.820000000000000000e+02 1.270777250696067284e+00 8.595792511865345542e-01
7.840000000000000000e+02 1.270077977434774574e+00 8.617368820750749281e-01
7.860000000000000000e+02 1.269375199094348261e+00 8.638942057277468889e-01
7.880000000000000000e+02 1.268668883076554899e+00 8.660512198481810087e-01
7.900000000000000000e+02 1.267958996399227267e+00 8.682079221139512581e-01
7.920000000000000000e+02 1.267245505690594243e+00 8.703643101761650014e-01
7.940000000000000000e+02 1.266528377183514742e+00 8.725203816590433314e-01
7.960000000000000000e+02 1.265807576709613080e+00 8.746761341594948558e-01
7.980000000000000000e+02 1.265083069693303308e+00 8.768315652466832644e-01
8.000000000000000000e+02 1.264354821145720287e+00 8.789866724615830185e-01
8.020000000000000000e+02 1.263622795658532638e+00 8.811414533165312646e-01
8.040000000000000000e+02 1.262886957397652665e+00 8.832959052947707557e-01
8.060000000000000000e+02 1.262147270096837914e+00 8.854500258499810039e-01
8.080000000000000000e+02 1.261403697051168393e+00 8.876038124058054368e-01
8.100000000000000000e+02 1.260656201110418984e+00 8.897572623553678950e-01
8.120000000000000000e+02 1.259904744672306620e+00 8.919103730607794711e-01
8.140000000000000000e+02 1.259149289675622008e+00 8.940631418526379104e-01
8.160000000000000000e+02 1.258389797593230774e+00 8.962155660295159088e-01
8.180000000000000000e+02 1.257626229424955611e+00 8.983676428574430828e-01
8.200000000000000000e+02 1.256858545690329620e+00 9.005193695693736178e-01
8.220000000000000000e+02 1.256086706421213783e+00 9.026707433646484757e-01
8.240000000000000000e+02 1.255310671154282076e+00 9.048217614084451688e-01
8.260000000000000000e+02 1.254530398923376922e+00 9.069724208312186509e-01
8.280000000000000000e+02 1.253745848251712758e+00 9.091227187281294420e-01
8.300000000000000000e+02 1.252956977143952599e+00 9.112726521584637585e-01
8.320000000000000000e+02 1.252163743078124725e+00 9.134222181450397660e-01
8.340000000000000000e+02 1.251366102997397256e+00 9.155714136736068376e-01
8.360000000000000000e+02 1.250564013301706190e+00 9.177202356922279369e-01
8.380000000000000000e+02 1.249757429839219114e+00 9.198686811106550065e-01
8.400000000000000000e+02 1.248946307897650598e+00 9.220167467996902566e-01
8.420000000000000000e+02 1.248130602195407057e+00 9.241644295905340201e-01
8.440000000000000000e+02 1.247310266872570850e+00 9.263117262741235036e-01
8.460000000000000000e+02 1.246485255481723620e+00 9.284586336004571061e-01
8.480000000000000000e+02 1.245655520978581343e+00 9.306051482779026385e-01
8.500000000000000000e+02 1.244821015712470391e+00 9.327512669724975503e-01
8.520000000000000000e+02 1.243981691416614410e+00 9.348969863072322806e-01
8.540000000000000000e+02 1.243137499198240903e+00 9.370423028613196204e-01
8.560000000000000000e+02 1.242288389528500403e+00 9.391872131694519732e-01
8.580000000000000000e+02 1.241434312232194692e+00 9.413317137210412966e-01
