0.000000000000000000e+00 0.000000000000000000e+00 0.000000000000000000e+00
0.000000000000000000e+00 -7.292114999999999188e-03 1.207408948378445451e-01
1.000000000000000000e+02 -1.458423000000000011e-02 2.382340319025042508e-01
2.000000000000000000e+02 -2.187634499999999843e-02 3.520634076535465451e-01
3.000000000000000000e+02 -2.916846000000000022e-02 4.618843861382592175e-01
4.000000000000000000e+02 -3.646057500000000201e-02 5.679322212062360986e-01
5.000000000000000000e+02 -4.375269000000000380e-02 6.706089402975847769e-01
6.000000000000000000e+02 -5.104480500000001253e-02 7.696447623837386898e-01
7.000000000000000000e+02 -5.833692000000000738e-02 8.648716513463434730e-01
8.000000000000000000e+02 -6.562903500000000223e-02 9.562115172522946960e-01
9.000000000000000000e+02 -7.292115000000000402e-02 1.043661886130265559e+00
1.000000000000000000e+03 -8.021326500000000581e-02 1.127280896663773513e+00
1.100000000000000000e+03 -8.750538000000000760e-02 1.207172969962784226e+00
1.200000000000000000e+03 -9.479749500000000939e-02 1.283475986238786559e+00
1.300000000000000000e+03 -1.020896100000000112e-01 1.356350374124426494e+00
1.400000000000000000e+03 -1.093817250000000130e-01 1.425970205827183701e+00
1.500000000000000000e+03 -1.166738400000000148e-01 1.492516190617494409e+00
1.600000000000000000e+03 -1.239659550000000166e-01 1.556170349382006712e+00
1.700000000000000000e+03 3.010334583589793223e+00 1.524480545096489781e+00
1.800000000000000000e+03 3.003042468589793401e+00 1.466077104835250777e+00
1.900000000000000000e+03 2.995750353589793136e+00 1.410045087075529224e+00
2.000000000000000000e+03 2.988458238589793314e+00 1.356225917069571629e+00
2.100000000000000000e+03 2.981166123589793493e+00 1.304469951963429519e+00
2.200000000000000000e+03 2.973874008589793227e+00 1.254636705133135299e+00
2.300000000000000000e+03 2.966581893589793406e+00 1.206594795317006197e+00
2.400000000000000000e+03 2.959289778589793141e+00 1.160221705831259609e+00
2.500000000000000000e+03 2.951997663589793319e+00 1.115403418361748722e+00
2.600000000000000000e+03 2.944705548589793498e+00 1.072033969269176046e+00
2.700000000000000000e+03 2.937413433589793232e+00 1.030014963422548391e+00
2.800000000000000000e+03 2.930121318589793411e+00 9.892550706506409997e-01
2.900000000000000000e+03 2.922829203589793590e+00 9.496695223837894329e-01
3.000000000000000000e+03 2.915537088589793324e+00 9.111796204359944307e-01
3.100000000000000000e+03 2.908244973589793503e+00 8.737122657235297796e-01
3.200000000000000000e+03 2.900952858589793237e+00 8.371995116860115882e-01
3.300000000000000000e+03 2.893660743589793416e+00 8.015781449961609795e-01
3.400000000000000000e+03 2.886368628589793595e+00 7.667892946023486811e-01
3.500000000000000000e+03 2.879076513589793329e+00 7.327780690796481533e-01
3.600000000000000000e+03 2.871784398589793508e+00 6.994932215456395319e-01
3.700000000000000000e+03 2.864492283589793242e+00 6.668868409321795365e-01
3.800000000000000000e+03 2.857200168589793421e+00 6.349140681229830108e-01
3.900000000000000000e+03 2.849908053589793600e+00 6.035328353163191828e-01
4.000000000000000000e+03 2.842615938589793334e+00 5.727036269133073398e-01
4.100000000000000000e+03 2.835323823589793513e+00 5.423892602364482896e-01
4.200000000000000000e+03 2.828031708589793691e+00 5.125546844291114512e-01
4.300000000000000000e+03 2.820739593589793426e+00 4.831667959594975192e-01
4.400000000000000000e+03 2.813447478589793604e+00 4.541942692411927718e-01
4.500000000000000000e+03 2.806155363589793339e+00 4.256074009790752344e-01
4.600000000000000000e+03 2.798863248589793518e+00 3.973779669486226518e-01
4.700000000000000000e+03 2.791571133589793696e+00 3.694734234934706207e-01
4.800000000000000000e+03 2.784279018589793431e+00 3.418609321192499495e-01
4.900000000000000000e+03 2.776986903589793609e+00 3.145174549250954743e-01
5.000000000000000000e+03 2.769694788589793788e+00 2.874208627053203013e-01
5.100000000000000000e+03 2.762402673589793523e+00 2.605498443798848207e-01
5.200000000000000000e+03 2.755110558589793701e+00 2.338838229261172019e-01
5.300000000000000000e+03 2.747818443589793436e+00 2.074028770626138996e-01
5.400000000000000000e+03 2.740526328589793614e+00 1.810876680050556575e-01
5.500000000000000000e+03 2.733234213589793793e+00 1.549193706742035825e-01
5.600000000000000000e+03 2.725942098589793527e+00 1.288796087894331643e-01
5.700000000000000000e+03 2.718649983589793706e+00 1.029503933275548316e-01
5.800000000000000000e+03 2.711357868589793885e+00 7.711406386702715499e-02
5.900000000000000000e+03 2.704065753589793619e+00 5.135323237254257878e-02
6.000000000000000000e+03 2.696773638589793798e+00 2.565072900485754551e-02
6.100000000000000000e+03 2.689481523589793976e+00 -1.045043393544912895e-05
6.200000000000000000e+03 2.682189408589793711e+00 -2.564719578837768715e-02
6.300000000000000000e+03 2.674897293589793890e+00 -5.127633292232462031e-02
6.400000000000000000e+03 2.667605178589793624e+00 -7.691467351424127741e-02
6.500000000000000000e+03 2.660313063589793803e+00 -1.025790646028943570e-01
6.600000000000000000e+03 2.653020948589793981e+00 -1.282864382043731044e-01
6.700000000000000000e+03 2.645728833589793716e+00 -1.540538613176579419e-01
6.800000000000000000e+03 2.638436718589793895e+00 -1.798985866352757756e-01
6.900000000000000000e+03 2.631144603589793629e+00 -2.058381042778588410e-01
7.000000000000000000e+03 2.623852488589793808e+00 -2.318901948765967058e-01
7.100000000000000000e+03 2.616560373589793542e+00 -2.580729843356111552e-01
7.200000000000000000e+03 2.609268258589793721e+00 -2.844050006171537359e-01
7.300000000000000000e+03 2.601976143589793455e+00 -3.109052329062156894e-01
7.400000000000000000e+03 2.594684028589793634e+00 -3.375931935276211271e-01
7.500000000000000000e+03 2.587391913589793369e+00 -3.644889830079139914e-01
7.600000000000000000e+03 2.580099798589793547e+00 -3.916133586962962654e-01
7.700000000000000000e+03 2.572807683589793282e+00 -4.189878073834171213e-01
7.800000000000000000e+03 2.565515568589793460e+00 -4.466346223838011387e-01
7.900000000000000000e+03 2.558223453589793195e+00 -4.745769855768822154e-01
8.000000000000000000e+03 2.550931338589793373e+00 -5.028390549325927328e-01
8.100000000000000000e+03 2.543639223589793108e+00 -5.314472524761484351e-01
8.200000000000000000e+03 2.536347108589793287e+00 -5.604297647881160138e-01
8.300000000000000000e+03 2.529054993589793021e+00 -5.898145040582816190e-01
8.400000000000000000e+03 2.521762878589793200e+00 -6.196307792087373256e-01
8.500000000000000000e+03 2.514470763589792934e+00 -6.499094205403099789e-01
8.600000000000000000e+03 2.507178648589793113e+00 -6.806829134781711144e-01
8.700000000000000000e+03 2.499886533589792847e+00 -7.119855420807400526e-01
8.800000000000000000e+03 2.492594418589793026e+00 -7.438535429556240031e-01
8.900000000000000000e+03 2.485302303589792761e+00 -7.763252701804587153e-01
9.000000000000000000e+03 2.478010188589792939e+00 -8.094413717457166202e-01
9.100000000000000000e+03 2.470718073589792674e+00 -8.432449779084821850e-01
9.200000000000000000e+03 2.463425958589792852e+00 -8.777819016549299747e-01
9.300000000000000000e+03 2.456133843589792587e+00 -9.131008511941829386e-01
9.400000000000000000e+03 2.448841728589792766e+00 -9.492536540209947082e-01
9.500000000000000000e+03 2.441549613589792500e+00 -9.862954915555668389e-01
9.600000000000000000e+03 2.434257498589792679e+00 -1.024285142653075020e+00
9.700000000000000000e+03 2.426965383589792413e+00 -1.063285233319369194e+00
9.800000000000000000e+03 2.419673268589792592e+00 -1.103362488705746491e+00
9.900000000000000000e+03 2.412381153589792326e+00 -1.144587981802001053e+00
1.000000000000000000e+04 2.405089038589792505e+00 -1.187037371102539929e+00
1.010000000000000000e+04 2.397796923589792240e+00 -1.230791116765209914e+00
1.020000000000000000e+04 2.390504808589792418e+00 -1.275934661276926896e+00
1.030000000000000000e+04 2.383212693589792153e+00 -1.322558556227260596e+00
1.040000000000000000e+04 2.375920578589792331e+00 -1.370758511303861837e+00
1.050000000000000000e+04 2.368628463589792066e+00 -1.420635334899368107e+00
1.060000000000000000e+04 2.361336348589792244e+00 -1.472294727626862976e+00
1.070000000000000000e+04 2.354044233589791979e+00 -1.525846880523674676e+00
1.080000000000000000e+04 -7.948405350000011804e-01 -1.560186834720498794e+00
1.090000000000000000e+04 -8.021326500000013349e-01 -1.502504232902691195e+00
1.100000000000000000e+04 -8.094247650000012673e-01 -1.442579626721985697e+00
1.110000000000000000e+04 -8.167168800000013107e-01 -1.380295104837208298e+00
1.120000000000000000e+04 -8.240089950000013541e-01 -1.315535682521856042e+00
1.130000000000000000e+04 -8.313011100000013975e-01 -1.248192507097358739e+00
1.140000000000000000e+04 -8.385932250000015520e-01 -1.178166866294646287e+00
1.150000000000000000e+04 -8.458853400000015954e-01 -1.105375068449238496e+00
1.160000000000000000e+04 -8.531774550000015278e-01 -1.029754214599316597e+00
1.170000000000000000e+04 -8.604695700000015712e-01 -9.512688038320470385e-01
1.180000000000000000e+04 -8.677616850000016147e-01 -8.699179997113090090e-01
1.190000000000000000e+04 -8.750538000000016581e-01 -7.857432371204252641e-01
1.200000000000000000e+04 -8.823459150000017015e-01 -6.988356736491556642e-01
1.210000000000000000e+04 -8.896380300000017449e-01 -6.093428083612311141e-01
1.220000000000000000e+04 -8.969301450000017883e-01 -5.174734385507819834e-01
1.230000000000000000e+04 -9.042222600000019428e-01 -4.235000496819892879e-01
1.240000000000000000e+04 -9.115143750000018752e-01 -3.283197168250622244e-01
1.250000000000000000e+04 -9.188064900000018076e-01 -2.330361448091156917e-01
1.260000000000000000e+04 -9.260986050000020731e-01 -1.378734292057551825e-01
1.270000000000000000e+04 -9.333907200000020055e-01 -4.306471853849755393e-02
1.280000000000000000e+04 -9.406828350000020489e-01 5.116082909227397807e-02
1.290000000000000000e+04 -9.479749500000020923e-01 1.445872229359398686e-01
1.300000000000000000e+04 -9.552670650000020247e-01 2.370181062655827287e-01
1.310000000000000000e+04 -9.625591800000021792e-01 3.282810689006053773e-01
1.320000000000000000e+04 -9.698512950000023336e-01 4.182301574501537389e-01
1.330000000000000000e+04 -9.771434100000022660e-01 5.067468764311769958e-01
1.340000000000000000e+04 -9.844355250000023094e-01 5.939364065857014596e-01
1.350000000000000000e+04 -9.917276400000023528e-01 6.799764558159288041e-01
1.360000000000000000e+04 -9.990197550000023963e-01 7.647586160924062515e-01
1.370000000000000000e+04 -1.006311870000002440e+00 8.481914621570025847e-01
1.380000000000000000e+04 -1.013603985000002483e+00 9.302006195279572953e-01
1.390000000000000000e+04 -1.020896100000002527e+00 1.010728379771988594e+00
1.400000000000000000e+04 -1.028188215000002570e+00 1.089732942441015151e+00
1.410000000000000000e+04 -1.035480330000002613e+00 1.167187369156599486e+00
1.420000000000000000e+04 -1.042772445000002657e+00 1.243078334410133046e+00
1.430000000000000000e+04 -1.050064560000002700e+00 1.317404751387623030e+00
1.440000000000000000e+04 -1.057356675000002744e+00 1.390176341307296948e+00
1.450000000000000000e+04 -1.064648790000002787e+00 1.461412203034867741e+00
1.460000000000000000e+04 -1.071940905000002831e+00 1.531139427493511507e+00
1.470000000000000000e+04 2.062359633589790242e+00 1.542200863946186384e+00
1.480000000000000000e+04 2.055067518589790421e+00 1.475384113337938841e+00
1.490000000000000000e+04 2.047775403589790155e+00 1.409959342914683056e+00
1.500000000000000000e+04 2.040483288589790334e+00 1.345879517006303150e+00
1.510000000000000000e+04 2.033191173589790068e+00 1.283095052690482962e+00
1.520000000000000000e+04 2.025899058589790247e+00 1.221554561507417036e+00
1.530000000000000000e+04 2.018606943589789982e+00 1.161205482551571855e+00
1.540000000000000000e+04 2.011314828589790160e+00 1.101994615455905935e+00
1.550000000000000000e+04 2.004022713589789895e+00 1.043868562739136197e+00
1.560000000000000000e+04 1.996730598589790073e+00 9.867740913091601618e-01
1.570000000000000000e+04 1.989438483589789808e+00 9.306584227810753562e-01
1.580000000000000000e+04 1.982146368589789986e+00 8.754694618207614631e-01
1.590000000000000000e+04 1.974854253589789943e+00 8.211559710791793698e-01
1.600000000000000000e+04 1.967562138589789900e+00 7.676677005259293640e-01
1.610000000000000000e+04 1.960270023589789856e+00 7.149554781878187937e-01
1.620000000000000000e+04 1.952977908589789591e+00 6.629712684950613832e-01
1.630000000000000000e+04 1.945685793589789769e+00 6.116682036652585364e-01
1.640000000000000000e+04 1.938393678589789726e+00 5.610005928330549230e-01
1.650000000000000000e+04 1.931101563589789460e+00 5.109239129723975870e-01
1.660000000000000000e+04 1.923809448589789639e+00 4.613947850636135883e-01
1.670000000000000000e+04 1.916517333589789596e+00 4.123709384297311598e-01
1.680000000000000000e+04 1.909225218589789552e+00 3.638111657034692192e-01
1.690000000000000000e+04 1.901933103589789287e+00 3.156752704842006874e-01
1.700000000000000000e+04 1.894640988589789465e+00 2.679240093980734816e-01
1.710000000000000000e+04 1.887348873589789200e+00 2.205190299790581177e-01
1.720000000000000000e+04 1.880056758589789379e+00 1.734572861470855265e-01
1.730000000000000000e+04 1.872764643589789113e+00 1.267472613753582722e-01
1.740000000000000000e+04 1.865472528589789292e+00 8.034657217653562444e-02
1.750000000000000000e+04 1.858180413589789026e+00 3.421333544169691959e-02
1.760000000000000000e+04 1.850888298589788983e+00 -1.169388043785559925e-02
1.770000000000000000e+04 1.843596183589789161e+00 -5.741611551025933846e-02
1.780000000000000000e+04 1.836304068589789118e+00 -1.029940873152169478e-01
1.790000000000000000e+04 1.829011953589789075e+00 -1.484682674432318272e-01
1.800000000000000000e+04 1.821719838589789031e+00 -1.938789642875159425e-01
1.810000000000000000e+04 1.814427723589788766e+00 -2.392664109156786290e-01
1.820000000000000000e+04 1.807135608589788944e+00 -2.846708571842377911e-01
1.830000000000000000e+04 1.799843493589788679e+00 -3.301326653729099170e-01
1.840000000000000000e+04 1.792551378589788857e+00 -3.756924087306232618e-01
1.850000000000000000e+04 1.785259263589788814e+00 -4.213909724036166149e-01
1.860000000000000000e+04 1.777967148589788771e+00 -4.672696562593129377e-01
1.870000000000000000e+04 1.770675033589788727e+00 -5.133702791284160405e-01
1.880000000000000000e+04 1.763382918589788684e+00 -5.597352839613471964e-01
1.890000000000000000e+04 1.756090803589788418e+00 -6.064078433321024031e-01
1.900000000000000000e+04 1.748798688589788597e+00 -6.534319646200981158e-01
1.910000000000000000e+04 1.741506573589788553e+00 -7.008676326317732075e-01
1.920000000000000000e+04 1.734214458589788288e+00 -7.487818187862765873e-01
1.930000000000000000e+04 1.726922343589788245e+00 -7.972210462228349614e-01
1.940000000000000000e+04 1.719630228589788201e+00 -8.462329055503436948e-01
1.950000000000000000e+04 1.712338113589788380e+00 -8.958661093489501681e-01
1.960000000000000000e+04 1.705045998589788114e+00 -9.461705310972295946e-01
1.970000000000000000e+04 1.697753883589788071e+00 -9.971972248750213819e-01
1.980000000000000000e+04 1.690461768589788250e+00 -1.048998421459271135e+00
1.990000000000000000e+04 1.683169653589788206e+00 -1.101627495599812878e+00
2.000000000000000000e+04 1.675877538589788163e+00 -1.155138898333754049e+00
2.010000000000000000e+04 1.668585423589788119e+00 -1.209588047177121872e+00
2.020000000000000000e+04 1.661293308589788076e+00 -1.265031165936558066e+00
2.030000000000000000e+04 1.654001193589788032e+00 -1.321525064741277067e+00
2.040000000000000000e+04 1.646709078589787989e+00 -1.379126849753985029e+00
2.050000000000000000e+04 1.639416963589787946e+00 -1.437893550951106603e+00
2.060000000000000000e+04 1.632124848589787902e+00 -1.497881655470748363e+00
2.070000000000000000e+04 1.624832733589787859e+00 -1.559146533453082073e+00
2.080000000000000000e+04 -1.524052035000005523e+00 -1.519850910360597052e+00
2.090000000000000000e+04 -1.531344150000005566e+00 -1.455874450202031323e+00
2.100000000000000000e+04 -1.538636265000005610e+00 -1.390469432637011060e+00
2.110000000000000000e+04 -1.545928380000005653e+00 -1.323593285617115978e+00
2.120000000000000000e+04 -1.553220495000005696e+00 -1.255209449977018110e+00
2.130000000000000000e+04 -1.560512610000005740e+00 -1.185288807874399497e+00
2.140000000000000000e+04 -1.567804725000005783e+00 -1.113811248547626587e+00
2.150000000000000000e+04 -1.575096840000005827e+00 -1.040767346384950054e+00
2.160000000000000000e+04 -1.582388955000005870e+00 -9.661601120384157859e-01
2.170000000000000000e+04 -1.589681070000005914e+00 -8.900067610104461790e-01
2.180000000000000000e+04 -1.596973185000005957e+00 -8.123404266857060518e-01
2.190000000000000000e+04 -1.604265300000006000e+00 -7.332117276321112875e-01
2.200000000000000000e+04 -1.611557415000006044e+00 -6.526900841978648948e-01
2.210000000000000000e+04 -1.618849530000006087e+00 -5.708646695348695843e-01
2.220000000000000000e+04 -1.626141645000006131e+00 -4.878448779967613502e-01
2.230000000000000000e+04 -1.633433760000006174e+00 -4.037602020605537967e-01
2.240000000000000000e+04 -1.640725875000006218e+00 -3.190303305972505554e-01
2.250000000000000000e+04 -1.648017990000006261e+00 -2.341753195639455498e-01
2.260000000000000000e+04 -1.655310105000006304e+00 -1.493036364683047734e-01
2.270000000000000000e+04 -1.662602220000006348e+00 -6.452102386341986018e-02
2.280000000000000000e+04 -1.669894335000006391e+00 2.007130815378795410e-02
2.290000000000000000e+04 -1.677186450000006435e+00 1.043781737915309843e-01
2.300000000000000000e+04 -1.684478565000006478e+00 1.883116047224656087e-01
2.310000000000000000e+04 -1.691770680000006521e+00 2.717917583240799240e-01
2.320000000000000000e+04 -1.699062795000006565e+00 3.547475564604565257e-01
2.330000000000000000e+04 -1.706354910000006608e+00 4.371170740801432197e-01
2.340000000000000000e+04 -1.713647025000006652e+00 5.188477011505587821e-01
2.350000000000000000e+04 -1.720939140000006695e+00 5.998961051311024750e-01
2.360000000000000000e+04 -1.728231255000006739e+00 6.803421352696354951e-01
2.370000000000000000e+04 -1.735523370000006782e+00 7.603070037321947305e-01
2.380000000000000000e+04 -1.742815485000006825e+00 8.397445294167585894e-01
2.390000000000000000e+04 -1.750107600000006869e+00 9.186122169615855704e-01
2.400000000000000000e+04 -1.757399715000006912e+00 9.968715386765354403e-01
2.410000000000000000e+04 -1.764691830000006956e+00 1.074488142669137059e+00
2.420000000000000000e+04 -1.771983945000006999e+00 1.151431988493864189e+00
2.430000000000000000e+04 -1.779276060000007043e+00 1.227677413651609761e+00
2.440000000000000000e+04 -1.786568175000007086e+00 1.303203135920938394e+00
2.450000000000000000e+04 -1.793860290000007129e+00 1.377992197775498084e+00
2.460000000000000000e+04 -1.801152405000007173e+00 1.452031860023684562e+00
2.470000000000000000e+04 -1.808444520000007216e+00 1.525313452312181628e+00
2.480000000000000000e+04 1.325856018589786078e+00 1.543760465291144524e+00
2.490000000000000000e+04 1.318563903589786035e+00 1.472005700422025054e+00
2.500000000000000000e+04 1.311271788589785769e+00 1.401012582795278849e+00
2.510000000000000000e+04 1.303979673589785948e+00 1.330775596284035522e+00
2.520000000000000000e+04 1.296687558589785683e+00 1.261286286477229179e+00
2.530000000000000000e+04 1.289395443589785861e+00 1.192533516858852449e+00
2.540000000000000000e+04 1.282103328589785596e+00 1.124503722666703398e+00
2.550000000000000000e+04 1.274811213589785774e+00 1.057181158679755484e+00
2.560000000000000000e+04 1.267519098589785731e+00 9.905481379314886592e-01
2.570000000000000000e+04 1.260226983589785688e+00 9.245852590416427930e-01
2.580000000000000000e+04 1.252934868589785644e+00 8.592716204874522035e-01
2.590000000000000000e+04 1.245642753589785601e+00 7.945850206900902934e-01
2.600000000000000000e+04 1.238350638589785557e+00 7.305021432702362150e-01
2.610000000000000000e+04 1.231058523589785292e+00 6.669987272295287983e-01
2.620000000000000000e+04 1.223766408589785470e+00 6.040497221460976451e-01
2.630000000000000000e+04 1.216474293589785427e+00 5.416294287380900574e-01
2.640000000000000000e+04 1.209182178589785384e+00 4.797116253559671195e-01
2.650000000000000000e+04 1.201890063589785118e+00 4.182696811196609521e-01
2.660000000000000000e+04 1.194597948589785297e+00 3.572766565278677198e-01
2.670000000000000000e+04 1.187305833589785031e+00 2.967053924408878940e-01
2.680000000000000000e+04 1.180013718589785210e+00 2.365285883821924839e-01
2.690000000000000000e+04 1.172721603589785166e+00 1.767188711232655085e-01
2.700000000000000000e+04 1.165429488589784901e+00 1.172488545165874113e-01
2.710000000000000000e+04 1.158137373589785080e+00 5.809119152749779580e-02
2.720000000000000000e+04 1.150845258589785036e+00 -7.813806089677218739e-04
2.730000000000000000e+04 1.143553143589784993e+00 -5.939600121205530769e-02
2.740000000000000000e+04 1.136261028589785171e+00 -1.177796521023080079e-01
2.750000000000000000e+04 1.128968913589785128e+00 -1.758972398012711713e-01
2.760000000000000000e+04 1.121676798589785307e+00 -2.336940669440112084e-01
2.770000000000000000e+04 1.114384683589785485e+00 -2.912084399427845027e-01
2.780000000000000000e+04 1.107092568589785886e+00 -3.484793780664691143e-01
2.790000000000000000e+04 1.099800453589786065e+00 -4.055464816762875402e-01
2.800000000000000000e+04 1.092508338589786243e+00 -4.624498343811168088e-01
2.810000000000000000e+04 1.085216223589786200e+00 -5.192299322382420979e-01
2.820000000000000000e+04 1.077924108589786600e+00 -5.759276345447246204e-01
2.830000000000000000e+04 1.070631993589786557e+00 -6.325841318059685081e-01
2.840000000000000000e+04 1.063339878589786958e+00 -6.892409272242334684e-01
2.850000000000000000e+04 1.056047763589787136e+00 -7.459398285950603613e-01
2.860000000000000000e+04 1.048755648589787093e+00 -8.027229478879379654e-01
2.870000000000000000e+04 1.041463533589787271e+00 -8.596327060567550138e-01
2.880000000000000000e+04 1.034171418589787672e+00 -9.167118408013434916e-01
2.890000000000000000e+04 1.026879303589787629e+00 -9.740034151011488506e-01
2.900000000000000000e+04 1.019587188589788029e+00 -1.031581218270474443e+00
2.910000000000000000e+04 1.012295073589788208e+00 -1.089530565277016860e+00
2.920000000000000000e+04 1.005002958589788387e+00 -1.147892615098025537e+00
2.930000000000000000e+04 9.977108435897885652e-01 -1.206708188851911112e+00
2.940000000000000000e+04 9.904187285897886328e-01 -1.266017694084154321e+00
2.950000000000000000e+04 9.831266135897888114e-01 -1.325861025854117914e+00
2.960000000000000000e+04 9.758344985897889901e-01 -1.386277442078390987e+00
2.970000000000000000e+04 9.685423835897891687e-01 -1.447305410499331924e+00
2.980000000000000000e+04 9.612502685897893473e-01 -1.508982424620868734e+00
2.990000000000000000e+04 -2.187634500000003701e+00 -1.570247867578747236e+00
3.000000000000000000e+04 -2.194926615000003522e+00 -1.507165303051454242e+00
3.010000000000000000e+04 -2.202218730000003344e+00 -1.443329417164467054e+00
3.020000000000000000e+04 -2.209510845000003165e+00 -1.378709161104791470e+00
3.030000000000000000e+04 -2.216802960000002987e+00 -1.313275927967103573e+00
3.040000000000000000e+04 -2.224095075000002808e+00 -1.247003965951966498e+00
3.050000000000000000e+04 -2.231387190000002629e+00 -1.179870830976860407e+00
3.060000000000000000e+04 -2.238679305000002451e+00 -1.111857875849014965e+00
3.070000000000000000e+04 -2.245971420000002272e+00 -1.042950771252531217e+00
3.080000000000000000e+04 -2.253263535000002094e+00 -9.731400515785870731e-01
3.090000000000000000e+04 -2.260555650000001915e+00 -9.024216761076104820e-01
3.100000000000000000e+04 -2.267847765000001736e+00 -8.307975933023423742e-01
3.110000000000000000e+04 -2.275139880000001558e+00 -7.582762930991860939e-01
3.120000000000000000e+04 -2.282431995000001379e+00 -6.848733292484712187e-01
3.130000000000000000e+04 -2.289724110000001200e+00 -6.106117911577946256e-01
3.140000000000000000e+04 -2.297016225000001022e+00 -5.355227025872080215e-01
3.150000000000000000e+04 -2.304308340000000843e+00 -4.596453232145571444e-01
3.160000000000000000e+04 -2.311600455000000665e+00 -3.830273288300696244e-01
3.170000000000000000e+04 -2.318892570000000486e+00 -3.057248470097499449e-01
3.180000000000000000e+04 -2.326184685000000307e+00 -2.278023277800672597e-01
3.190000000000000000e+04 -2.333476800000000129e+00 -1.493322331467493991e-01
3.200000000000000000e+04 -2.340768914999999950e+00 -7.057555830320469403e-02
3.210000000000000000e+04 -2.348061029999999771e+00 8.143855866140876226e-03
3.220000000000000000e+04 -2.355353144999999593e+00 8.677697830742443774e-02
3.230000000000000000e+04 -2.362645259999999414e+00 1.652783218178814073e-01
3.240000000000000000e+04 -2.369937374999999236e+00 2.436062855132258009e-01
3.250000000000000000e+04 -2.377229489999999057e+00 3.217233998708280973e-01
3.260000000000000000e+04 -2.384521604999998878e+00 3.995964845898734574e-01
3.270000000000000000e+04 -2.391813719999998700e+00 4.771967286366933236e-01
3.280000000000000000e+04 -2.399105834999998521e+00 5.544997012208910947e-01
3.290000000000000000e+04 -2.406397949999998342e+00 6.314853018135337948e-01
3.300000000000000000e+04 -2.413690064999998164e+00 7.081376564722525746e-01
3.310000000000000000e+04 -2.420982179999997985e+00 7.844449665055781562e-01
3.320000000000000000e+04 -2.428274294999997807e+00 8.604852953000392546e-01
3.330000000000000000e+04 -2.435566409999997628e+00 9.363669780929396724e-01
3.340000000000000000e+04 -2.442858524999997449e+00 1.012071061875734479e+00
3.350000000000000000e+04 -2.450150639999997271e+00 1.087578690491881828e+00
3.360000000000000000e+04 -2.457442754999997092e+00 1.162871247767447436e+00
3.370000000000000000e+04 -2.464734869999996913e+00 1.237930495995423374e+00
3.380000000000000000e+04 -2.472026984999996735e+00 1.312738708187485059e+00
3.390000000000000000e+04 -2.479319099999996556e+00 1.387278792644881298e+00
3.400000000000000000e+04 -2.486611214999996378e+00 1.461534408568113674e+00
3.410000000000000000e+04 -2.493903329999996199e+00 1.535490071617089836e+00
3.420000000000000000e+04 6.403972085897970956e-01 1.532461405047108594e+00
3.430000000000000000e+04 6.331050935897973853e-01 1.459148213359392710e+00
3.440000000000000000e+04 6.258129785897975639e-01 1.386175400870021779e+00
3.450000000000000000e+04 6.185208635897977425e-01 1.313554197606797702e+00
3.460000000000000000e+04 6.112287485897978101e-01 1.241294623133060160e+00
3.470000000000000000e+04 6.039366335897980997e-01 1.169405452073003726e+00
3.480000000000000000e+04 5.966445185897982784e-01 1.097894191327337898e+00
3.490000000000000000e+04 5.893524035897984570e-01 1.026767068457761667e+00
3.500000000000000000e+04 5.820602885897986356e-01 9.560290305881873341e-01
3.510000000000000000e+04 5.747681735897988142e-01 8.856837530656306301e-01
3.520000000000000000e+04 5.674760585897989928e-01 8.157336570442482726e-01
3.530000000000000000e+04 5.601839435897991715e-01 7.461799351015734327e-01
3.540000000000000000e+04 5.528918285897993501e-01 6.770225839650496624e-01
3.550000000000000000e+04 5.455997135897995287e-01 6.082604434176641650e-01
3.560000000000000000e+04 5.383075985897997073e-01 5.398912404613444016e-01
3.570000000000000000e+04 5.310154835897998860e-01 4.719116378432656744e-01
3.580000000000000000e+04 5.237233685898000646e-01 4.043172860904841737e-01
3.590000000000000000e+04 5.164312535898002432e-01 3.371028782496716669e-01
3.600000000000000000e+04 5.091391385898004218e-01 2.702622065884406899e-01
3.610000000000000000e+04 5.018470235898006004e-01 2.037882205803623614e-01
3.620000000000000000e+04 4.945549085898008346e-01 1.376730855649846708e-01
3.630000000000000000e+04 4.872627935898009577e-01 7.190824154496165688e-02
3.640000000000000000e+04 4.799706785898011363e-01 6.484461653055609981e-03
3.650000000000000000e+04 4.726785635898013704e-01 -5.860809010915479095e-02
3.660000000000000000e+04 4.653864485898014935e-01 -1.233798021927136751e-01
3.670000000000000000e+04 4.580943335898017277e-01 -1.878415601520677380e-01
3.680000000000000000e+04 4.508022185898019063e-01 -2.520046928360356042e-01
3.690000000000000000e+04 4.435101035898020294e-01 -3.158809202762350998e-01
3.700000000000000000e+04 4.362179885898022635e-01 -3.794823033816838720e-01
3.710000000000000000e+04 4.289258735898023867e-01 -4.428211955048690363e-01
3.720000000000000000e+04 4.216337585898025098e-01 -5.059101959062747289e-01
3.730000000000000000e+04 4.143416435898027994e-01 -5.687621051110516301e-01
3.740000000000000000e+04 4.070495285898029225e-01 -6.313898821229999569e-01
3.750000000000000000e+04 3.997574135898031567e-01 -6.938066034370902191e-01
3.760000000000000000e+04 3.924652985898033353e-01 -7.560254237720566151e-01
3.770000000000000000e+04 3.851731835898034584e-01 -8.180595384288891214e-01
3.780000000000000000e+04 3.778810685898036370e-01 -8.799221471689975260e-01
3.790000000000000000e+04 3.705889535898038711e-01 -9.416264194971245560e-01
3.800000000000000000e+04 3.632968385898039387e-01 -1.003185461228457642e+00
3.810000000000000000e+04 3.560047235898042284e-01 -1.064612282216557793e+00
3.820000000000000000e+04 3.487126085898042960e-01 -1.125919765118427396e+00
3.830000000000000000e+04 3.414204935898045856e-01 -1.187120635075070707e+00
3.840000000000000000e+04 3.341283785898047642e-01 -1.248227430190016696e+00
3.850000000000000000e+04 3.268362635898049429e-01 -1.309163064268724863e+00
3.860000000000000000e+04 3.195441485898050660e-01 -1.369822412654041255e+00
3.870000000000000000e+04 3.122520335898052446e-01 -1.430235792020488006e+00
3.880000000000000000e+04 3.049599185898054232e-01 -1.490434857496845789e+00
3.890000000000000000e+04 2.976678035898056018e-01 -1.550452354765210261e+00
3.900000000000000000e+04 -2.851216964999987447e+00 -1.531270703199612004e+00
3.910000000000000000e+04 -2.858509079999987268e+00 -1.471514548448709103e+00
3.920000000000000000e+04 -2.865801194999987089e+00 -1.411836679027842489e+00
3.930000000000000000e+04 -2.873093309999986911e+00 -1.352201324945079719e+00
3.940000000000000000e+04 -2.880385424999986732e+00 -1.292572167885369661e+00
3.950000000000000000e+04 -2.887677539999986553e+00 -1.232912396539109334e+00
3.960000000000000000e+04 -2.894969654999986375e+00 -1.173184753807366532e+00
3.970000000000000000e+04 -2.902261769999986196e+00 -1.113351578182042223e+00
3.980000000000000000e+04 -2.909553884999986018e+00 -1.053374841406666373e+00
3.990000000000000000e+04 -2.916845999999985839e+00 -9.931741378641426587e-01
4.000000000000000000e+04 -2.924138114999985660e+00 -9.326537969749706392e-01
4.010000000000000000e+04 -2.931430229999985482e+00 -8.717800183122259572e-01
4.020000000000000000e+04 -2.938722344999985303e+00 -8.105197970800379625e-01
4.030000000000000000e+04 -2.946014459999985124e+00 -7.488410274524170962e-01
4.040000000000000000e+04 -2.953306574999984946e+00 -6.867126237756228102e-01
4.050000000000000000e+04 -2.960598689999984767e+00 -6.241046607566026472e-01
4.060000000000000000e+04 -2.967890804999984589e+00 -5.609885336063901162e-01
4.070000000000000000e+04 -2.975182919999984410e+00 -4.973371388879733179e-01
4.080000000000000000e+04 -2.982475034999984231e+00 -4.331250765204525677e-01
4.090000000000000000e+04 -2.989767149999984053e+00 -3.683288730028255187e-01
4.100000000000000000e+04 -2.997059264999983874e+00 -3.029272254296835887e-01
4.110000000000000000e+04 -3.004351379999983696e+00 -2.369012652676126540e-01
4.120000000000000000e+04 -3.011643494999983517e+00 -1.702348401385037902e-01
4.130000000000000000e+04 -3.018935609999983338e+00 -1.029148110124934734e-01
4.140000000000000000e+04 -3.026227724999983160e+00 -3.493136125387676788e-02
4.150000000000000000e+04 -3.033519839999982981e+00 3.372168709807375070e-02
4.160000000000000000e+04 -3.040811954999982802e+00 1.030465555701065433e-01
4.170000000000000000e+04 -3.048104069999982624e+00 1.730411969528475868e-01
4.180000000000000000e+04 -3.055396184999982445e+00 2.436989965568681915e-01
4.190000000000000000e+04 -3.062688299999982267e+00 3.150084962164790836e-01
4.200000000000000000e+04 -3.069980414999982088e+00 3.869531511611072339e-01
4.210000000000000000e+04 -3.077272529999981909e+00 4.595111305561314641e-01
4.220000000000000000e+04 -3.084564644999981731e+00 5.326551728521875528e-01
4.230000000000000000e+04 -3.091856759999981552e+00 6.063525069785005162e-01
4.240000000000000000e+04 -3.099148874999981373e+00 6.805648497859790869e-01
4.250000000000000000e+04 -3.106440989999981195e+00 7.552484889242112587e-01
4.260000000000000000e+04 -3.113733104999981016e+00 8.303544584893395308e-01
4.270000000000000000e+04 -3.121025219999980838e+00 9.056692206178300619e-01
4.280000000000000000e+04 -3.128317334999980659e+00 9.809246870965995235e-01
4.290000000000000000e+04 -3.135609449999980480e+00 1.056094594207181547e+00
4.300000000000000000e+04 3.140283742179606374e+00 1.131155630324038208e+00
4.310000000000000000e+04 3.132991627179606553e+00 1.206087522005434565e+00
4.320000000000000000e+04 3.125699512179606732e+00 1.280873067623368389e+00
4.330000000000000000e+04 3.118407397179606910e+00 1.355498127323855329e+00
4.340000000000000000e+04 3.111115282179607089e+00 1.429951576879499919e+00
4.350000000000000000e+04 3.103823167179607267e+00 1.504225232028617132e+00
4.360000000000000000e+04 -4.506160141018598908e-02 1.563278904500505329e+00
4.370000000000000000e+04 -5.235371641018581046e-02 1.489378146657287072e+00
4.380000000000000000e+04 -5.964583141018562490e-02 1.415665178830312065e+00
4.390000000000000000e+04 -6.693794641018545322e-02 1.342137584062549349e+00
4.400000000000000000e+04 -7.423006141018527460e-02 1.268790647342864508e+00
4.410000000000000000e+04 -8.152217641018508210e-02 1.195617510370151182e+00
4.420000000000000000e+04 -8.881429141018490347e-02 1.122609308158304176e+00
4.430000000000000000e+04 -9.610640641018473873e-02 1.049755346084746854e+00
4.440000000000000000e+04 -1.033985214101845462e-01 9.770432803548970702e-01
4.450000000000000000e+04 -1.106906364101843676e-01 9.044592207965072017e-01
4.460000000000000000e+04 -1.179827514101842029e-01 8.319878943918507241e-01
4.470000000000000000e+04 -1.252748664101840381e-01 7.596127893280855137e-01
4.480000000000000000e+04 -1.325669814101838317e-01 6.873162939956931616e-01
4.490000000000000000e+04 -1.398590964101836809e-01 6.150798313234936421e-01
4.500000000000000000e+04 -1.471512114101834745e-01 5.428839886288510108e-01
4.510000000000000000e+04 -1.544433264101832681e-01 4.707086432534604570e-01
4.520000000000000000e+04 -1.617354414101831450e-01 3.984871556651246594e-01
4.530000000000000000e+04 -1.690275564101829664e-01 3.261366381603738596e-01
4.540000000000000000e+04 -1.763196714101827600e-01 2.536421652848398489e-01
4.550000000000000000e+04 -1.836117864101826092e-01 1.809904661642906254e-01
4.560000000000000000e+04 -1.909039014101823750e-01 1.081700079752303534e-01
4.570000000000000000e+04 -1.981960164101822242e-01 3.517107760688416296e-02
4.580000000000000000e+04 -2.054881314101820455e-01 -3.801413968016013195e-02
4.590000000000000000e+04 -2.127802464101818947e-01 -1.113914859545059310e-01
4.600000000000000000e+04 -2.200723614101817160e-01 -1.849647621765776739e-01
4.610000000000000000e+04 -2.273644764101814819e-01 -2.587356672527635904e-01
4.620000000000000000e+04 -2.346565914101813588e-01 -3.327037463096361170e-01
4.630000000000000000e+04 -2.419487064101811802e-01 -4.068663499812267825e-01
4.640000000000000000e+04 -2.492408214101810016e-01 -4.812186065247068822e-01
4.650000000000000000e+04 -2.565329364101808229e-01 -5.557534085532380708e-01
4.660000000000000000e+04 -2.638250514101806443e-01 -6.304614160930741562e-01
4.670000000000000000e+04 -2.711171664101804102e-01 -7.053310775304499902e-01
4.680000000000000000e+04 -2.784092814101802871e-01 -7.803486698094296292e-01
4.690000000000000000e+04 -2.857013964101800529e-01 -8.554983589741143035e-01
4.700000000000000000e+04 -2.929935114101799298e-01 -9.306725420335283383e-01
4.710000000000000000e+04 -3.002856264101797512e-01 -1.005732929577964008e+00
4.720000000000000000e+04 -3.075777414101795726e-01 -1.080675763327561434e+00
4.730000000000000000e+04 -3.148698564101793940e-01 -1.155577045813856785e+00
4.740000000000000000e+04 -3.221619714101792709e-01 -1.230460588224720597e+00
4.750000000000000000e+04 -3.294540864101790367e-01 -1.305209145455150876e+00
4.760000000000000000e+04 -3.367462014101788026e-01 -1.379824212070612566e+00
4.770000000000000000e+04 -3.440383164101787350e-01 -1.454378513343478119e+00
4.780000000000000000e+04 -3.513304314101785009e-01 -1.528898181983294524e+00
4.790000000000000000e+04 2.782970107179615127e+00 -1.538241181367689059e+00
4.800000000000000000e+04 2.775677992179615305e+00 -1.463827636898754392e+00
4.810000000000000000e+04 2.768385877179615484e+00 -1.389483925698114852e+00
4.820000000000000000e+04 2.761093762179615219e+00 -1.315114402994194354e+00
4.830000000000000000e+04 2.753801647179615841e+00 -1.240792580692586577e+00
4.840000000000000000e+04 2.746509532179616020e+00 -1.166548779812567771e+00
4.850000000000000000e+04 2.739217417179615754e+00 -1.092355600722735742e+00
4.860000000000000000e+04 2.731925302179616377e+00 -1.018241607732525145e+00
4.870000000000000000e+04 2.724633187179616556e+00 -9.441112511394835760e-01
4.880000000000000000e+04 2.717341072179616734e+00 -8.700358807686628948e-01
4.890000000000000000e+04 2.710048957179616913e+00 -7.960441707330623284e-01
4.900000000000000000e+04 2.702756842179617092e+00 -7.221078303676395915e-01
4.910000000000000000e+04 2.695464727179617270e+00 -6.482537695539213329e-01
4.920000000000000000e+04 2.688172612179617005e+00 -5.743864001677702058e-01
4.930000000000000000e+04 2.680880497179617628e+00 -5.005748897282122911e-01
4.940000000000000000e+04 2.673588382179617362e+00 -4.268462617195835640e-01
4.950000000000000000e+04 2.666296267179617985e+00 -3.531042314949873195e-01
4.960000000000000000e+04 2.659004152179618163e+00 -2.794182767804685996e-01
4.970000000000000000e+04 2.651712037179618342e+00 -2.058154811488893399e-01
4.980000000000000000e+04 2.644419922179618521e+00 -1.321988964724578053e-01
4.990000000000000000e+04 2.637127807179618699e+00 -5.856914453214188271e-02
5.000000000000000000e+04 2.629835692179618878e+00 1.500131030410781392e-02
5.010000000000000000e+04 2.622543577179618612e+00 8.848365238572482305e-02
5.020000000000000000e+04 2.615251462179619235e+00 1.619074518465321577e-01
5.030000000000000000e+04 2.607959347179618970e+00 2.352458407718411859e-01
5.040000000000000000e+04 2.600667232179619592e+00 3.085968722191986258e-01
5.050000000000000000e+04 2.593375117179619327e+00 3.819603777784318921e-01
5.060000000000000000e+04 2.586083002179619950e+00 4.552639731177248184e-01
5.070000000000000000e+04 2.578790887179620128e+00 5.284791748355204266e-01
5.080000000000000000e+04 2.571498772179620307e+00 6.017058315805250412e-01
5.090000000000000000e+04 2.564206657179620041e+00 6.748718096534610522e-01
5.100000000000000000e+04 2.556914542179620220e+00 7.479489276820630028e-01
5.110000000000000000e+04 2.549622427179620843e+00 8.210374724602451657e-01
5.120000000000000000e+04 2.542330312179621021e+00 8.940655942901275521e-01
5.130000000000000000e+04 2.535038197179621200e+00 9.670054311727050989e-01
5.140000000000000000e+04 2.527746082179620934e+00 1.039957701471772467e+00
5.150000000000000000e+04 2.520453967179621557e+00 1.112922127897939539e+00
5.160000000000000000e+04 2.513161852179621736e+00 1.185824482505571487e+00
5.170000000000000000e+04 2.505869737179621470e+00 1.258635562537936403e+00
5.180000000000000000e+04 2.498577622179622093e+00 1.331457727495805266e+00
5.190000000000000000e+04 2.491285507179622272e+00 1.404217346045972814e+00
5.200000000000000000e+04 2.483993392179622450e+00 1.476885733966387448e+00
5.210000000000000000e+04 2.476701277179622185e+00 1.549565536558738854e+00
5.220000000000000000e+04 -6.721834914101706415e-01 1.519408947720906067e+00
5.230000000000000000e+04 -6.794756064101704629e-01 1.446880590543209610e+00
5.240000000000000000e+04 -6.867677214101702843e-01 1.374339096631713053e+00
5.250000000000000000e+04 -6.940598364101699946e-01 1.301784439517492453e+00
5.260000000000000000e+04 -7.013519514101699270e-01 1.229291748545054519e+00
5.270000000000000000e+04 -7.086440664101697484e-01 1.156890362591302956e+00
5.280000000000000000e+04 -7.159361814101695698e-01 1.084475817045247314e+00
5.290000000000000000e+04 -7.232282964101693912e-01 1.012048614373246558e+00
