0.000000000000000000e+00 -7.569468734107328601e+03 -5.116596341032985947e+03 5.188070527559073497e+00
0.000000000000000000e+00 -7.565625481653853058e+03 -5.120288971898522504e+03 8.734674523084132503e+00
1.000000000000000000e+00 -7.561778273756058297e+03 -5.123978925785210777e+03 1.228127395185282822e+01
2.000000000000000000e+00 -7.557927110980811449e+03 -5.127666199785048775e+03 1.582786695729792648e+01
3.000000000000000000e+00 -7.554071993897275206e+03 -5.131350790989159577e+03 1.937445168148320107e+01
4.000000000000000000e+00 -7.550212923076883271e+03 -5.135032696487831345e+03 2.292102626513199226e+01
5.000000000000000000e+00 -7.546349899093364002e+03 -5.138711913370478214e+03 2.646758884760750163e+01
6.000000000000000000e+00 -7.542482922522736771e+03 -5.142388438725674860e+03 3.001413756692041090e+01
7.000000000000000000e+00 -7.538611993943332891e+03 -5.146062269641120110e+03 3.356067055971278990e+01
8.000000000000000000e+00 -7.534737113935771958e+03 -5.149733403203670605e+03 3.710718596127642144e+01
9.000000000000000000e+00 -7.530858283082978232e+03 -5.153401836499326237e+03 4.065368190554481487e+01
1.000000000000000000e+01 -7.526975501970183359e+03 -5.157067566613233794e+03 4.420015652509002990e+01
1.100000000000000000e+01 -7.523088771184935467e+03 -5.160730590629687867e+03 4.774660795112137635e+01
1.200000000000000000e+01 -7.519198091317087346e+03 -5.164390905632128124e+03 5.129303431349030262e+01
1.300000000000000000e+01 -7.515303462958816453e+03 -5.168048508703145671e+03 5.483943374068286403e+01
1.400000000000000000e+01 -7.511404886704613091e+03 -5.171703396924484878e+03 5.838580435982729000e+01
1.500000000000000000e+01 -7.507502363151302234e+03 -5.175355567377030638e+03 6.193214429667742138e+01
1.600000000000000000e+01 -7.503595892898017155e+03 -5.179005017140833843e+03 6.547845167563920654e+01
1.700000000000000000e+01 -7.499685476546236714e+03 -5.182651743295087726e+03 6.902472461973972884e+01
1.800000000000000000e+01 -7.495771114699770806e+03 -5.186295742918132419e+03 7.257096125063979741e+01
1.900000000000000000e+01 -7.491852807964758540e+03 -5.189937013087481319e+03 7.611715968864380955e+01
2.000000000000000000e+01 -7.487930556949687343e+03 -5.193575550879782895e+03 7.966331805267829225e+01
2.100000000000000000e+01 -7.484004362265371128e+03 -5.197211353370861616e+03 8.320943446031513702e+01
2.200000000000000000e+01 -7.480074224524998499e+03 -5.200844417635669743e+03 8.675550702773220735e+01
2.300000000000000000e+01 -7.476140144344076361e+03 -5.204474740748350996e+03 9.030153386976763841e+01
2.400000000000000000e+01 -7.472202122340491769e+03 -5.208102319782174163e+03 9.384751309986147305e+01
2.500000000000000000e+01 -7.468260159134464629e+03 -5.211727151809593124e+03 9.739344283010416348e+01
2.600000000000000000e+01 -7.464314255348588631e+03 -5.215349233902205924e+03 1.009393211711993530e+02
2.700000000000000000e+01 -7.460364411607821239e+03 -5.218968563130776602e+03 1.044851462324818101e+02
2.800000000000000000e+01 -7.456410628539472782e+03 -5.222585136565231551e+03 1.080309161219165617e+02
2.900000000000000000e+01 -7.452452906773228278e+03 -5.226198951274664978e+03 1.115766289460952692e+02
3.000000000000000000e+01 -7.448491246941158352e+03 -5.229810004327317074e+03 1.151222828102206392e+02
3.100000000000000000e+01 -7.444525649677692854e+03 -5.233418292790608575e+03 1.186678758181341351e+02
3.200000000000000000e+01 -7.440556115619646334e+03 -5.237023813731120754e+03 1.222134060722940774e+02
3.300000000000000000e+01 -7.436582645406218944e+03 -5.240626564214597238e+03 1.257588716737814707e+02
3.400000000000000000e+01 -7.432605239678989165e+03 -5.244226541305952196e+03 1.293042707223008847e+02
3.500000000000000000e+01 -7.428623899081934724e+03 -5.247823742069269429e+03 1.328496013161751534e+02
3.600000000000000000e+01 -7.424638624261418954e+03 -5.251418163567789634e+03 1.363948615523466401e+02
3.700000000000000000e+01 -7.420649415866200798e+03 -5.255009802863944969e+03 1.399400495263840583e+02
3.800000000000000000e+01 -7.416656274547442081e+03 -5.258598657019314487e+03 1.434851633324640545e+02
3.900000000000000000e+01 -7.412659200958709334e+03 -5.262184723094661422e+03 1.470302010633868974e+02
4.000000000000000000e+01 -7.408658195755965608e+03 -5.265767998149917730e+03 1.505751608105698267e+02
4.100000000000000000e+01 -7.404653259597584110e+03 -5.269348479244195914e+03 1.541200406640523966e+02
4.200000000000000000e+01 -7.400644393144367314e+03 -5.272926163435768103e+03 1.576648387124722603e+02
4.300000000000000000e+01 -7.396631597059517844e+03 -5.276501047782087880e+03 1.612095530430948429e+02
4.400000000000000000e+01 -7.392614872008654856e+03 -5.280073129339796651e+03 1.647541817418042740e+02
4.500000000000000000e+01 -7.388594218659827675e+03 -5.283642405164699085e+03 1.682987228930901153e+02
4.600000000000000000e+01 -7.384569637683517612e+03 -5.287208872311773121e+03 1.718431745800480712e+02
4.700000000000000000e+01 -7.380541129752618872e+03 -5.290772527835194524e+03 1.753875348844025552e+02
4.800000000000000000e+01 -7.376508695542478563e+03 -5.294333368788296866e+03 1.789318018864695148e+02
4.900000000000000000e+01 -7.372472335730854866e+03 -5.297891392223619732e+03 1.824759736651984099e+02
5.000000000000000000e+01 -7.368432050997977058e+03 -5.301446595192855057e+03 1.860200482981208552e+02
5.100000000000000000e+01 -7.364387842026486396e+03 -5.304998974746901695e+03 1.895640238614016653e+02
5.200000000000000000e+01 -7.360339709501491598e+03 -5.308548527935829952e+03 1.931078984297989223e+02
5.300000000000000000e+01 -7.356287654110537915e+03 -5.312095251808897956e+03 1.966516700766851500e+02
5.400000000000000000e+01 -7.352231676543633512e+03 -5.315639143414548926e+03 2.001953368740348935e+02
5.500000000000000000e+01 -7.348171777493239460e+03 -5.319180199800412083e+03 2.037388968924308870e+02
5.600000000000000000e+01 -7.344107957654277016e+03 -5.322718418013307200e+03 2.072823482010617795e+02
5.700000000000000000e+01 -7.340040217724126705e+03 -5.326253795099237323e+03 2.108256888677185543e+02
5.800000000000000000e+01 -7.335968558402642884e+03 -5.329786328103397864e+03 2.143689169587949266e+02
5.900000000000000000e+01 -7.331892980392151912e+03 -5.333316014070174788e+03 2.179120305392881960e+02
6.000000000000000000e+01 -7.327813484397432148e+03 -5.336842850043152794e+03 2.214550276728075744e+02
6.100000000000000000e+01 -7.323730071125769427e+03 -5.340366833065089850e+03 2.249979064215441156e+02
6.200000000000000000e+01 -7.319642741286914315e+03 -5.343887960177960849e+03 2.285406648463064982e+02
6.300000000000000000e+01 -7.315551495593099389e+03 -5.347406228422918502e+03 2.320833010064957023e+02
6.400000000000000000e+01 -7.311456334759045603e+03 -5.350921634840318802e+03 2.356258129601146152e+02
6.500000000000000000e+01 -7.307357259501979570e+03 -5.354434176469708291e+03 2.391681987637577436e+02
6.600000000000000000e+01 -7.303254270541599908e+03 -5.357943850349835884e+03 2.427104564726268165e+02
6.700000000000000000e+01 -7.299147368600110894e+03 -5.361450653518655599e+03 2.462525841405209235e+02
6.800000000000000000e+01 -7.295036554402227011e+03 -5.364954583013309275e+03 2.497945798198257137e+02
6.900000000000000000e+01 -7.290921828675158395e+03 -5.368455635870145670e+03 2.533364415615295400e+02
7.000000000000000000e+01 -7.286803192148621747e+03 -5.371953809124715008e+03 2.568781674152153869e+02
7.100000000000000000e+01 -7.282680645554859439e+03 -5.375449099811763517e+03 2.604197554290529979e+02
7.200000000000000000e+01 -7.278554189628605855e+03 -5.378941504965257081e+03 2.639612036498195380e+02
7.300000000000000000e+01 -7.274423825107134689e+03 -5.382431021618352133e+03 2.675025101228725362e+02
7.400000000000000000e+01 -7.270289552730228934e+03 -5.385917646803418393e+03 2.710436728921667395e+02
7.500000000000000000e+01 -7.266151373240203611e+03 -5.389401377552031590e+03 2.745846900002480311e+02
7.600000000000000000e+01 -7.262009287381900322e+03 -5.392882210894971649e+03 2.781255594882500759e+02
7.700000000000000000e+01 -7.257863295902694517e+03 -5.396360143862232690e+03 2.816662793958984139e+02
7.800000000000000000e+01 -7.253713399552494593e+03 -5.399835173483021208e+03 2.852068477615091524e+02
7.900000000000000000e+01 -7.249559599083750982e+03 -5.403307296785750623e+03 2.887472626219849303e+02
8.000000000000000000e+01 -7.245401895251457972e+03 -5.406776510798047639e+03 2.922875220128158844e+02
8.100000000000000000e+01 -7.241240288813155530e+03 -5.410242812546751338e+03 2.958276239680777735e+02
8.200000000000000000e+01 -7.237074780528925658e+03 -5.413706199057925915e+03 2.993675665204399365e+02
8.300000000000000000e+01 -7.232905371161422408e+03 -5.417166667356835205e+03 3.029073477011438058e+02
8.400000000000000000e+01 -7.228732061475833689e+03 -5.420624214467978163e+03 3.064469655400333181e+02
8.500000000000000000e+01 -7.224554852239924912e+03 -5.424078837415055204e+03 3.099864180655210362e+02
8.600000000000000000e+01 -7.220373744224022630e+03 -5.427530533220998223e+03 3.135257033046098059e+02
8.700000000000000000e+01 -7.216188738201019078e+03 -5.430979298907950579e+03 3.170648192828813876e+02
8.800000000000000000e+01 -7.211999834946371266e+03 -5.434425131497288021e+03 3.206037640245085640e+02
8.900000000000000000e+01 -7.207807035238124627e+03 -5.437868028009597765e+03 3.241425355522334826e+02
9.000000000000000000e+01 -7.203610339856888459e+03 -5.441307985464703961e+03 3.276811318873906202e+02
9.100000000000000000e+01 -7.199409749585858663e+03 -5.444745000881642227e+03 3.312195510498868316e+02
9.200000000000000000e+01 -7.195205265210829566e+03 -5.448179071278679658e+03 3.347577910582041341e+02
9.300000000000000000e+01 -7.190996887520161181e+03 -5.451610193673320282e+03 3.382958499294185799e+02
9.400000000000000000e+01 -7.186784617304821040e+03 -5.455038365082280507e+03 3.418337256791680829e+02
9.500000000000000000e+01 -7.182568455358370556e+03 -5.458463582521520038e+03 3.453714163216782822e+02
9.600000000000000000e+01 -7.178348402476966839e+03 -5.461885843006224604e+03 3.489089198697468532e+02
9.700000000000000000e+01 -7.174124459459376340e+03 -5.465305143550806861e+03 3.524462343347438491e+02
9.800000000000000000e+01 -7.169896627106962114e+03 -5.468721481168924583e+03 3.559833577266248312e+02
9.900000000000000000e+01 -7.165664906223712933e+03 -5.472134852873456111e+03 3.595202880539052899e+02
1.000000000000000000e+02 -7.161429297616210533e+03 -5.475545255676534907e+03 3.630570233236928175e+02
1.010000000000000000e+02 -7.157189802093678736e+03 -5.478952686589508630e+03 3.665935615416477162e+02
1.020000000000000000e+02 -7.152946420467939788e+03 -5.482357142622977335e+03 3.701299007120179567e+02
1.030000000000000000e+02 -7.148699153553452561e+03 -5.485758620786782558e+03 3.736660388376185438e+02
1.040000000000000000e+02 -7.144448002167299819e+03 -5.489157118089998221e+03 3.772019739198352681e+02
1.050000000000000000e+02 -7.140192967129200952e+03 -5.492552631540943366e+03 3.807377039586230580e+02
1.060000000000000000e+02 -7.135934049261507425e+03 -5.495945158147180337e+03 3.842732269525059792e+02
1.070000000000000000e+02 -7.131671249389208242e+03 -5.499334694915519322e+03 3.878085408985822369e+02
1.080000000000000000e+02 -7.127404568339932666e+03 -5.502721238852011084e+03 3.913436437925152518e+02
1.090000000000000000e+02 -7.123134006943972054e+03 -5.506104786961953323e+03 3.948785336285300218e+02
1.100000000000000000e+02 -7.118859566034244381e+03 -5.509485336249896136e+03 3.984132083994303457e+02
1.110000000000000000e+02 -7.114581246446335172e+03 -5.512862883719639285e+03 4.019476660965795531e+02
1.120000000000000000e+02 -7.110299049018483856e+03 -5.516237426374228562e+03 4.054819047099064164e+02
1.130000000000000000e+02 -7.106012974591596503e+03 -5.519608961215961244e+03 4.090159222279044684e+02
1.140000000000000000e+02 -7.101723024009227629e+03 -5.522977485246397009e+03 4.125497166376378573e+02
1.150000000000000000e+02 -7.097429198117622036e+03 -5.526342995466335196e+03 4.160832859247209967e+02
1.160000000000000000e+02 -7.093131497765679342e+03 -5.529705488875844821e+03 4.196166280733455096e+02
1.170000000000000000e+02 -7.088829923804975806e+03 -5.533064962474248205e+03 4.231497410662598782e+02
1.180000000000000000e+02 -7.084524477089774336e+03 -5.536421413260122790e+03 4.266826228847735365e+02
1.190000000000000000e+02 -7.080215158477008117e+03 -5.539774838231311151e+03 4.302152715087613615e+02
1.200000000000000000e+02 -7.075901968826316079e+03 -5.543125234384907344e+03 4.337476849166486090e+02
1.210000000000000000e+02 -7.071584909000009247e+03 -5.546472598717274195e+03 4.372798610854271715e+02
1.220000000000000000e+02 -7.067263979863093482e+03 -5.549816928224049661e+03 4.408117979906577943e+02
1.230000000000000000e+02 -7.062939182283292212e+03 -5.553158219900108634e+03 4.443434936064328440e+02
1.240000000000000000e+02 -7.058610517130995504e+03 -5.556496470739620236e+03 4.478749459054342879e+02
1.250000000000000000e+02 -7.054277985279331915e+03 -5.559831677736001438e+03 4.514061528588753731e+02
1.260000000000000000e+02 -7.049941587604117558e+03 -5.563163837881953441e+03 4.549371124365409855e+02
1.270000000000000000e+02 -7.045601324983885206e+03 -5.566492948169438932e+03 4.584678226067688342e+02
1.280000000000000000e+02 -7.041257198299886113e+03 -5.569819005589692097e+03 4.619982813364470644e+02
1.290000000000000000e+02 -7.036909208436082736e+03 -5.573142007133228617e+03 4.655284865910282406e+02
1.300000000000000000e+02 -7.032557356279176929e+03 -5.576461949789826576e+03 4.690584363345060979e+02
1.310000000000000000e+02 -7.028201642718580842e+03 -5.579778830548545557e+03 4.725881285294356644e+02
1.320000000000000000e+02 -7.023842068646441476e+03 -5.583092646397726639e+03 4.761175611369260423e+02
1.330000000000000000e+02 -7.019478634957645227e+03 -5.586403394324984220e+03 4.796467321166342686e+02
1.340000000000000000e+02 -7.015111342549813344e+03 -5.589711071317210553e+03 4.831756394267666224e+02
1.350000000000000000e+02 -7.010740192323307383e+03 -5.593015674360587582e+03 4.867042810240888571e+02
1.360000000000000000e+02 -7.006365185181230117e+03 -5.596317200440573288e+03 4.902326548639113071e+02
1.370000000000000000e+02 -7.001986322029443727e+03 -5.599615646541909882e+03 4.937607589000912185e+02
1.380000000000000000e+02 -6.997603603776558884e+03 -5.602911009648621985e+03 4.972885910850349660e+02
1.390000000000000000e+02 -6.993217031333933846e+03 -5.606203286744042089e+03 5.008161493697115816e+02
1.400000000000000000e+02 -6.988826605615702647e+03 -5.609492474810755994e+03 5.043434317036135326e+02
1.410000000000000000e+02 -6.984432327538747813e+03 -5.612778570830669196e+03 5.078704360348011164e+02
1.420000000000000000e+02 -6.980034198022728560e+03 -5.616061571784969601e+03 5.113971603098736978e+02
1.430000000000000000e+02 -6.975632217990073514e+03 -5.619341474654131162e+03 5.149236024739738014e+02
1.440000000000000000e+02 -6.971226388365991625e+03 -5.622618276417921152e+03 5.184497604707863729e+02
1.450000000000000000e+02 -6.966816710078456708e+03 -5.625891974055421997e+03 5.219756322425565713e+02
1.460000000000000000e+02 -6.962403184058242005e+03 -5.629162564544986708e+03 5.255012157300539002e+02
1.470000000000000000e+02 -6.957985811238896531e+03 -5.632430044864280717e+03 5.290265088726023350e+02
1.480000000000000000e+02 -6.953564592556758726e+03 -5.635694411990273693e+03 5.325515096080705462e+02
1.490000000000000000e+02 -6.949139528950966451e+03 -5.638955662899227718e+03 5.360762158728631448e+02
1.500000000000000000e+02 -6.944710621363460632e+03 -5.642213794566708202e+03 5.396006256019253442e+02
1.510000000000000000e+02 -6.940277870738967977e+03 -5.645468803967591157e+03 5.431247367287508041e+02
1.520000000000000000e+02 -6.935841278025024621e+03 -5.648720688076055012e+03 5.466485471853712852e+02
1.530000000000000000e+02 -6.931400844171992503e+03 -5.651969443865584253e+03 5.501720549023507374e+02
1.540000000000000000e+02 -6.926956570133029345e+03 -5.655215068308970331e+03 5.536952578087995107e+02
1.550000000000000000e+02 -6.922508456864106847e+03 -5.658457558378325302e+03 5.572181538323699215e+02
1.560000000000000000e+02 -6.918056505324027967e+03 -5.661696911045064553e+03 5.607407408992457931e+02
1.570000000000000000e+02 -6.913600716474421461e+03 -5.664933123279913161e+03 5.642630169341464352e+02
1.580000000000000000e+02 -6.909141091279734610e+03 -5.668166192052918632e+03 5.677849798603326690e+02
1.590000000000000000e+02 -6.904677630707255958e+03 -5.671396114333441801e+03 5.713066275995986416e+02
1.600000000000000000e+02 -6.900210335727091660e+03 -5.674622887090166842e+03 5.748279580722838773e+02
1.610000000000000000e+02 -6.895739207312208237e+03 -5.677846507291091257e+03 5.783489691972511082e+02
1.620000000000000000e+02 -6.891264246438412556e+03 -5.681066971903530430e+03 5.818696588918959378e+02
1.630000000000000000e+02 -6.886785454084346384e+03 -5.684284277894130355e+03 5.853900250721600287e+02
1.640000000000000000e+02 -6.882302831231509117e+03 -5.687498422228860363e+03 5.889100656525106388e+02
1.650000000000000000e+02 -6.877816378864255967e+03 -5.690709401873010393e+03 5.924297785459489205e+02
1.660000000000000000e+02 -6.873326097969801594e+03 -5.693917213791203721e+03 5.959491616640094662e+02
1.670000000000000000e+02 -6.868831989538221023e+03 -5.697121854947385145e+03 5.994682129167537141e+02
1.680000000000000000e+02 -6.864334054562454185e+03 -5.700323322304835528e+03 6.029869302127807487e+02
1.690000000000000000e+02 -6.859832294038321379e+03 -5.703521612826163619e+03 6.065053114592114980e+02
1.700000000000000000e+02 -6.855326708964492354e+03 -5.706716723473320599e+03 6.100233545617129494e+02
1.710000000000000000e+02 -6.850817300342540875e+03 -5.709908651207583716e+03 6.135410574244632471e+02
1.720000000000000000e+02 -6.846304069176912890e+03 -5.713097392989568107e+03 6.170584179501764766e+02
1.730000000000000000e+02 -6.841787016474931988e+03 -5.716282945779230431e+03 6.205754340401007312e+02
1.740000000000000000e+02 -6.837266143246823958e+03 -5.719465306535869786e+03 6.240921035940031061e+02
1.750000000000000000e+02 -6.832741450505700413e+03 -5.722644472218118608e+03 6.276084245101807255e+02
1.760000000000000000e+02 -6.828212939267567890e+03 -5.725820439783963593e+03 6.311243946854625619e+02
1.770000000000000000e+02 -6.823680610551341488e+03 -5.728993206190730234e+03 6.346400120151959072e+02
1.780000000000000000e+02 -6.819144465378837594e+03 -5.732162768395082821e+03 6.381552743932533076e+02
1.790000000000000000e+02 -6.814604504774779343e+03 -5.735329123353044452e+03 6.416701797120362016e+02
1.800000000000000000e+02 -6.810060729766805707e+03 -5.738492268019994299e+03 6.451847258624750339e+02
1.810000000000000000e+02 -6.805513141385470590e+03 -5.741652199350640331e+03 6.486989107340104965e+02
1.820000000000000000e+02 -6.800961740664244644e+03 -5.744808914299071148e+03 6.522127322146213828e+02
1.830000000000000000e+02 -6.796406528639527096e+03 -5.747962409818711421e+03 6.557261881908009400e+02
1.840000000000000000e+02 -6.791847506350646654e+03 -5.751112682862346446e+03 6.592392765475653960e+02
1.850000000000000000e+02 -6.787284674839863328e+03 -5.754259730382122143e+03 6.627519951684515718e+02
1.860000000000000000e+02 -6.782718035152366610e+03 -5.757403549329545967e+03 6.662643419355237029e+02
1.870000000000000000e+02 -6.778147588336300942e+03 -5.760544136655480543e+03 6.697763147293564998e+02
1.880000000000000000e+02 -6.773573335442732059e+03 -5.763681489310157303e+03 6.732879114290551570e+02
1.890000000000000000e+02 -6.768995277525695201e+03 -5.766815604243172857e+03 6.767991299122370492e+02
1.900000000000000000e+02 -6.764413415642169639e+03 -5.769946478403487163e+03 6.803099680550401445e+02
1.910000000000000000e+02 -6.759827750852077770e+03 -5.773074108739430812e+03 6.838204237321267556e+02
1.920000000000000000e+02 -6.755238284218323315e+03 -5.776198492198705935e+03 6.873304948166685335e+02
1.930000000000000000e+02 -6.750645016806754938e+03 -5.779319625728388019e+03 6.908401791803621563e+02
1.940000000000000000e+02 -6.746047949686202628e+03 -5.782437506274913176e+03 6.943494746934118211e+02
1.950000000000000000e+02 -6.741447083928462234e+03 -5.785552130784110886e+03 6.978583792245462973e+02
1.960000000000000000e+02 -6.736842420608299108e+03 -5.788663496201177622e+03 7.013668906410084674e+02
1.970000000000000000e+02 -6.732233960803461741e+03 -5.791771599470693218e+03 7.048750068085581688e+02
1.980000000000000000e+02 -6.727621705594690866e+03 -5.794876437536609956e+03 7.083827255914612806e+02
1.990000000000000000e+02 -6.723005656065698531e+03 -5.797978007342278033e+03 7.118900448525121192e+02
2.000000000000000000e+02 -6.718385813303199939e+03 -5.801076305830415549e+03 7.153969624530058127e+02
2.010000000000000000e+02 -6.713762178396898889e+03 -5.804171329943135788e+03 7.189034762527592193e+02
2.020000000000000000e+02 -6.709134752439500517e+03 -5.807263076621939035e+03 7.224095841101002407e+02
2.030000000000000000e+02 -6.704503536526712196e+03 -5.810351542807715305e+03 7.259152838818675946e+02
2.040000000000000000e+02 -6.699868531757253550e+03 -5.813436725440737973e+03 7.294205734234079728e+02
2.050000000000000000e+02 -6.695229739232848260e+03 -5.816518621460687427e+03 7.329254505885890012e+02
2.060000000000000000e+02 -6.690587160058232257e+03 -5.819597227806631963e+03 7.364299132297854840e+02
2.070000000000000000e+02 -6.685940795341165540e+03 -5.822672541417032335e+03 7.399339591978781527e+02
2.080000000000000000e+02 -6.681290646192438544e+03 -5.825744559229754486e+03 7.434375863422588964e+02
2.090000000000000000e+02 -6.676636713725853951e+03 -5.828813278182063186e+03 7.469407925108361042e+02
2.100000000000000000e+02 -6.671978999058254885e+03 -5.831878695210630212e+03 7.504435755500202276e+02
2.110000000000000000e+02 -6.667317503309510357e+03 -5.834940807251519800e+03 7.539459333047319660e+02
2.120000000000000000e+02 -6.662652227602540734e+03 -5.837999611240215017e+03 7.574478636184012430e+02
2.130000000000000000e+02 -6.657983173063302274e+03 -5.841055104111595938e+03 7.609493643329608403e+02
2.140000000000000000e+02 -6.653310340820795318e+03 -5.844107282799963286e+03 7.644504332888579938e+02
2.150000000000000000e+02 -6.648633732007085200e+03 -5.847156144239012974e+03 7.679510683250346119e+02
2.160000000000000000e+02 -6.643953347757261326e+03 -5.850201685361881573e+03 7.714512672789612679e+02
2.170000000000000000e+02 -6.639269189209509932e+03 -5.853243903101091746e+03 7.749510279865859275e+02
2.180000000000000000e+02 -6.634581257505056783e+03 -5.856282794388604088e+03 7.784503482823818103e+02
2.190000000000000000e+02 -6.629889553788196281e+03 -5.859318356155788933e+03 7.819492259993213565e+02
2.200000000000000000e+02 -6.625194079206303286e+03 -5.862350585333439085e+03 7.854476589688773629e+02
2.210000000000000000e+02 -6.620494834909815836e+03 -5.865379478851776184e+03 7.889456450210350340e+02
2.220000000000000000e+02 -6.615791822052266070e+03 -5.868405033640431611e+03 7.924431819842681080e+02
2.230000000000000000e+02 -6.611085041790253854e+03 -5.871427246628481953e+03 7.959402676855694381e+02
2.240000000000000000e+02 -6.606374495283473152e+03 -5.874446114744428996e+03 7.994368999504288240e+02
2.250000000000000000e+02 -6.601660183694712941e+03 -5.877461634916189723e+03 8.029330766028311928e+02
2.260000000000000000e+02 -6.596942108189851751e+03 -5.880473804071129052e+03 8.064287954652692179e+02
2.270000000000000000e+02 -6.592220269937868579e+03 -5.883482619136047106e+03 8.099240543587399088e+02
2.280000000000000000e+02 -6.587494670110844709e+03 -5.886488077037177391e+03 8.134188511027367667e+02
2.290000000000000000e+02 -6.582765309883972805e+03 -5.889490174700184070e+03 8.169131835152504664e+02
2.300000000000000000e+02 -6.578032190435555094e+03 -5.892488909050183793e+03 8.204070494127769280e+02
2.310000000000000000e+02 -6.573295312947008824e+03 -5.895484277011728409e+03 8.239004466103091318e+02
2.320000000000000000e+02 -6.568554678602871718e+03 -5.898476275508818617e+03 8.273933729213391643e+02
2.330000000000000000e+02 -6.563810288590801065e+03 -5.901464901464896684e+03 8.308858261578576503e+02
2.340000000000000000e+02 -6.559062144101589183e+03 -5.904450151802864639e+03 8.343778041303556847e+02
2.350000000000000000e+02 -6.554310246329158872e+03 -5.907432023445058803e+03 8.378693046478151700e+02
2.360000000000000000e+02 -6.549554596470563411e+03 -5.910410513313280717e+03 8.413603255177238225e+02
2.370000000000000000e+02 -6.544795195725994745e+03 -5.913385618328780765e+03 8.448508645460633488e+02
2.380000000000000000e+02 -6.540032045298803496e+03 -5.916357335412264547e+03 8.483409195373045577e+02
2.390000000000000000e+02 -6.535265146395473494e+03 -5.919325661483902877e+03 8.518304882944257770e+02
2.400000000000000000e+02 -6.530494500225649972e+03 -5.922290593463323603e+03 8.553195686188936406e+02
2.410000000000000000e+02 -6.525720108002131383e+03 -5.925252128269613422e+03 8.588081583106699100e+02
2.420000000000000000e+02 -6.520941970940869396e+03 -5.928210262821334254e+03 8.622962551682189769e+02
2.430000000000000000e+02 -6.516160090260989818e+03 -5.931164994036503231e+03 8.657838569884911522e+02
2.440000000000000000e+02 -6.511374467184790774e+03 -5.934116318832615434e+03 8.692709615669314189e+02
2.450000000000000000e+02 -6.506585102937731790e+03 -5.937064234126630254e+03 8.727575666974831847e+02
2.460000000000000000e+02 -6.501791998748456535e+03 -5.940008736834984120e+03 8.762436701725789590e+02
2.470000000000000000e+02 -6.496995155848791001e+03 -5.942949823873588684e+03 8.797292697831454689e+02
2.480000000000000000e+02 -6.492194575473740770e+03 -5.945887492157829001e+03 8.832143633186011584e+02
2.490000000000000000e+02 -6.487390258861507391e+03 -5.948821738602574442e+03 8.866989485668573252e+02
2.500000000000000000e+02 -6.482582207253484739e+03 -5.951752560122173236e+03 8.901830233143152782e+02
2.510000000000000000e+02 -6.477770421894253559e+03 -5.954679953630457931e+03 8.936665853458723632e+02
2.520000000000000000e+02 -6.472954904031611477e+03 -5.957603916040749937e+03 8.971496324449137774e+02
2.530000000000000000e+02 -6.468135654916552994e+03 -5.960524444265851344e+03 9.006321623933125693e+02
2.540000000000000000e+02 -6.463312675803293132e+03 -5.963441535218058561e+03 9.041141729714315716e+02
2.550000000000000000e+02 -6.458485967949248334e+03 -5.966355185809158684e+03 9.075956619581286304e+02
2.560000000000000000e+02 -6.453655532615055563e+03 -5.969265392950443129e+03 9.110766271307539910e+02
2.570000000000000000e+02 -6.448821371064587765e+03 -5.972172153552682175e+03 9.145570662651317662e+02
2.580000000000000000e+02 -6.443983484564929313e+03 -5.975075464526155884e+03 9.180369771355902913e+02
2.590000000000000000e+02 -6.439141874386400559e+03 -5.977975322780641363e+03 9.215163575149379085e+02
2.600000000000000000e+02 -6.434296541802557840e+03 -5.980871725225424598e+03 9.249952051744761548e+02
2.610000000000000000e+02 -6.429447488090199840e+03 -5.983764668769289528e+03 9.284735178839873697e+02
2.620000000000000000e+02 -6.424594714529366684e+03 -5.986654150320533518e+03 9.319512934117485656e+02
2.630000000000000000e+02 -6.419738222403339932e+03 -5.989540166786955524e+03 9.354285295245172165e+02
2.640000000000000000e+02 -6.414878012998663507e+03 -5.992422715075874294e+03 9.389052239875413761e+02
2.650000000000000000e+02 -6.410014087605130953e+03 -5.995301792094119264e+03 9.423813745645538802e+02
2.660000000000000000e+02 -6.405146447515800901e+03 -5.998177394748035113e+03 9.458569790177716641e+02
2.670000000000000000e+02 -6.400275094026977058e+03 -6.001049519943493578e+03 9.493320351079092916e+02
2.680000000000000000e+02 -6.395400028438267327e+03 -6.003918164585871637e+03 9.528065405941453037e+02
2.690000000000000000e+02 -6.390521252052521959e+03 -6.006783325580081510e+03 9.562804932341590529e+02
2.700000000000000000e+02 -6.385638766175888122e+03 -6.009644999830552479e+03 9.597538907841055789e+02
2.710000000000000000e+02 -6.380752572117777163e+03 -6.012503184241249983e+03 9.632267309986331156e+02
2.720000000000000000e+02 -6.375862671190893707e+03 -6.015357875715665614e+03 9.666990116308687675e+02
2.730000000000000000e+02 -6.370969064711239298e+03 -6.018209071156817117e+03 9.701707304324199868e+02
2.740000000000000000e+02 -6.366071753998096938e+03 -6.021056767467268401e+03 9.736418851533846919e+02
2.750000000000000000e+02 -6.361170740374058369e+03 -6.023900961549108615e+03 9.771124735423364882e+02
2.760000000000000000e+02 -6.356266025165003157e+03 -6.026741650303973074e+03 9.805824933463399020e+02
2.770000000000000000e+02 -6.351357609700144167e+03 -6.029578830633029611e+03 9.840519423109274157e+02
2.780000000000000000e+02 -6.346445495311966624e+03 -6.032412499437006772e+03 9.875208181801359615e+02
2.790000000000000000e+02 -6.341529683336317248e+03 -6.035242653616159259e+03 9.909891186964584904e+02
2.800000000000000000e+02 -6.336610175112314209e+03 -6.038069290070300667e+03 9.944568416008909253e+02
2.810000000000000000e+02 -6.331686971982436262e+03 -6.040892405698793482e+03 9.979239846328971453e+02
2.820000000000000000e+02 -6.326760075292471811e+03 -6.043711997400552718e+03 1.001390545530427403e+03
2.830000000000000000e+02 -6.321829486391543469e+03 -6.046528062074049558e+03 1.004856522029912071e+03
2.840000000000000000e+02 -6.316895206632114423e+03 -6.049340596617309529e+03 1.008321911866258915e+03
2.850000000000000000e+02 -6.311957237369984796e+03 -6.052149597927925242e+03 1.011786712772861051e+03
2.860000000000000000e+02 -6.307015579964301651e+03 -6.054955062903040016e+03 1.015250922481584212e+03
2.870000000000000000e+02 -6.302070235777567177e+03 -6.057756988439371526e+03 1.018714538722775387e+03
2.880000000000000000e+02 -6.297121206175614134e+03 -6.060555371433205437e+03 1.022177559225270556e+03
2.890000000000000000e+02 -6.292168492527667695e+03 -6.063350208780383582e+03 1.025639981716365810e+03
2.900000000000000000e+02 -6.287212096206287242e+03 -6.066141497376335792e+03 1.029101803921851342e+03
2.910000000000000000e+02 -6.282252018587400926e+03 -6.068929234116062617e+03 1.032563023565995536e+03
2.920000000000000000e+02 -6.277288261050324763e+03 -6.071713415894132595e+03 1.036023638371533025e+03
2.930000000000000000e+02 -6.272320824977735356e+03 -6.074494039604699537e+03 1.039483646059684361e+03
2.940000000000000000e+02 -6.267349711755688986e+03 -6.077271102141497067e+03 1.042943044350145783e+03
2.950000000000000000e+02 -6.262374922773627077e+03 -6.080044600397850445e+03 1.046401830961096266e+03
2.960000000000000000e+02 -6.257396459424387103e+03 -6.082814531266658378e+03 1.049860003609179557e+03
2.970000000000000000e+02 -6.252414323104181676e+03 -6.085580891640420305e+03 1.053317560009530325e+03
2.980000000000000000e+02 -6.247428515212634011e+03 -6.088343678411215478e+03 1.056774497875745965e+03
2.990000000000000000e+02 -6.242439037152757919e+03 -6.091102888470729340e+03 1.060230814919914110e+03
3.000000000000000000e+02 -6.237445890330978727e+03 -6.093858518710233511e+03 1.063686508852586030e+03
3.010000000000000000e+02 -6.232449076157128729e+03 -6.096610566020609440e+03 1.067141577382799369e+03
3.020000000000000000e+02 -6.227448596044451733e+03 -6.099359027292323844e+03 1.070596018218057907e+03
3.030000000000000000e+02 -6.222444451409621252e+03 -6.102103899415462365e+03 1.074049829064342475e+03
3.040000000000000000e+02 -6.217436643672707760e+03 -6.104845179279709555e+03 1.077503007626118233e+03
3.050000000000000000e+02 -6.212425174257234175e+03 -6.107582863774359794e+03 1.080955551606312383e+03
3.060000000000000000e+02 -6.207410044590137659e+03 -6.110316949788320926e+03 1.084407458706336456e+03
3.070000000000000000e+02 -6.202391256101795989e+03 -6.113047434210113352e+03 1.087858726626072666e+03
3.080000000000000000e+02 -6.197368810226031201e+03 -6.115774313927871844e+03 1.091309353063873914e+03
3.090000000000000000e+02 -6.192342708400097763e+03 -6.118497585829351010e+03 1.094759335716574242e+03
3.100000000000000000e+02 -6.187312952064708952e+03 -6.121217246801931651e+03 1.098208672279475877e+03
3.110000000000000000e+02 -6.182279542664021392e+03 -6.123933293732613492e+03 1.101657360446358780e+03
3.120000000000000000e+02 -6.177242481645663247e+03 -6.126645723508021547e+03 1.105105397909468593e+03
3.130000000000000000e+02 -6.172201770460696935e+03 -6.129354533014419758e+03 1.108552782359540060e+03
3.140000000000000000e+02 -6.167157410563674603e+03 -6.132059719137693719e+03 1.111999511485764970e+03
3.150000000000000000e+02 -6.162109403412617212e+03 -6.134761278763366136e+03 1.115445582975809430e+03
3.160000000000000000e+02 -6.157057750469005441e+03 -6.137459208776596824e+03 1.118890994515821376e+03
3.170000000000000000e+02 -6.152002453197805153e+03 -6.140153506062189990e+03 1.122335743790416700e+03
3.180000000000000000e+02 -6.146943513067471031e+03 -6.142844167504583311e+03 1.125779828482679477e+03
3.190000000000000000e+02 -6.141880931549933848e+03 -6.145531189987870675e+03 1.129223246274173107e+03
3.200000000000000000e+02 -6.136814710120626842e+03 -6.148214570395781266e+03 1.132665994844926445e+03
3.210000000000000000e+02 -6.131744850258467523e+03 -6.150894305611704112e+03 1.136108071873444942e+03
3.220000000000000000e+02 -6.126671353445892237e+03 -6.153570392518676272e+03 1.139549475036700187e+03
3.230000000000000000e+02 -6.121594221168812510e+03 -6.156242827999391011e+03 1.142990202010143321e+03
3.240000000000000000e+02 -6.116513454916686896e+03 -6.158911608936200537e+03 1.146430250467685255e+03
3.250000000000000000e+02 -6.111429056182451859e+03 -6.161576732211118724e+03 1.149869618081720773e+03
3.260000000000000000e+02 -6.106341026462589070e+03 -6.164238194705816568e+03 1.153308302523101474e+03
3.270000000000000000e+02 -6.101249367257073573e+03 -6.166895993301648559e+03 1.156746301461170788e+03
3.280000000000000000e+02 -6.096154080069441079e+03 -6.169550124879615396e+03 1.160183612563716224e+03
3.290000000000000000e+02 -6.091055166406727949e+03 -6.172200586320404909e+03 1.163620233497017580e+03
3.300000000000000000e+02 -6.085952627779532122e+03 -6.174847374504370237e+03 1.167056161925808965e+03
3.310000000000000000e+02 -6.080846465701964007e+03 -6.177490486311553468e+03 1.170491395513311772e+03
3.320000000000000000e+02 -6.075736681691701051e+03 -6.180129918621662910e+03 1.173925931921200345e+03
3.330000000000000000e+02 -6.070623277269960454e+03 -6.182765668314096729e+03 1.177359768809627212e+03
3.340000000000000000e+02 -6.065506253961512812e+03 -6.185397732267939318e+03 1.180792903837217182e+03
3.350000000000000000e+02 -6.060385613294677569e+03 -6.188026107361964023e+03 1.184225334661064153e+03
3.360000000000000000e+02 -6.055261356801359398e+03 -6.190650790474621317e+03 1.187657058936718386e+03
3.370000000000000000e+02 -6.050133486016995448e+03 -6.193271778484081551e+03 1.191088074318224699e+03
3.380000000000000000e+02 -6.045002002480633564e+03 -6.195889068268179471e+03 1.194518378458066991e+03
3.390000000000000000e+02 -6.039866907734860433e+03 -6.198502656704477886e+03 1.197947969007226902e+03
3.400000000000000000e+02 -6.034728203325864342e+03 -6.201112540670224917e+03 1.201376843615135613e+03
3.410000000000000000e+02 -6.029585890803406983e+03 -6.203718717042379467e+03 1.204804999929704309e+03
3.420000000000000000e+02 -6.024439971720843459e+03 -6.206321182697605764e+03 1.208232435597306676e+03
3.430000000000000000e+02 -6.019290447635117744e+03 -6.208919934512279724e+03 1.211659148262789813e+03
3.440000000000000000e+02 -6.014137320106781772e+03 -6.211514969362485317e+03 1.215085135569460590e+03
3.450000000000000000e+02 -6.008980590699970890e+03 -6.214106284124037302e+03 1.218510395159111340e+03
3.460000000000000000e+02 -6.003820260982448417e+03 -6.216693875672449394e+03 1.221934924671982117e+03
3.470000000000000000e+02 -5.998656332525569269e+03 -6.219277740882973376e+03 1.225358721746797983e+03
3.480000000000000000e+02 -5.993488806904310877e+03 -6.221857876630578176e+03 1.228781784020748546e+03
3.490000000000000000e+02 -5.988317685697269553e+03 -6.224434279789962602e+03 1.232204109129486824e+03
3.500000000000000000e+02 -5.983142970486667764e+03 -6.227006947235552616e+03 1.235625694707137427e+03
3.510000000000000000e+02 -5.977964662858359588e+03 -6.229575875841509514e+03 1.239046538386290422e+03
3.520000000000000000e+02 -5.972782764401821623e+03 -6.232141062481737208e+03 1.242466637798011106e+03
3.530000000000000000e+02 -5.967597276710170263e+03 -6.234702504029864940e+03 1.245885990571825232e+03
3.540000000000000000e+02 -5.962408201380174432e+03 -6.237260197359278209e+03 1.249304594335730144e+03
3.550000000000000000e+02 -5.957215540012242855e+03 -6.239814139343098759e+03 1.252722446716188870e+03
3.560000000000000000e+02 -5.952019294210425869e+03 -6.242364326854197316e+03 1.256139545338136486e+03
3.570000000000000000e+02 -5.946819465582443627e+03 -6.244910756765198130e+03 1.259555887824971478e+03
3.580000000000000000e+02 -5.941616055739670628e+03 -6.247453425948478980e+03 1.262971471798560970e+03
3.590000000000000000e+02 -5.936409066297141180e+03 -6.249992331276172990e+03 1.266386294879243906e+03
3.600000000000000000e+02 -5.931198498873562130e+03 -6.252527469620174998e+03 1.269800354685823777e+03
3.610000000000000000e+02 -5.925984355091307407e+03 -6.255058837852139732e+03 1.273213648835573167e+03
3.620000000000000000e+02 -5.920766636576448946e+03 -6.257586432843486364e+03 1.276626174944225795e+03
3.630000000000000000e+02 -5.915545344958711212e+03 -6.260110251465409419e+03 1.280037930625994704e+03
3.640000000000000000e+02 -5.910320481871526681e+03 -6.262630290588867865e+03 1.283448913493551800e+03
3.650000000000000000e+02 -5.905092048952014011e+03 -6.265146547084601480e+03 1.286859121158038761e+03
3.660000000000000000e+02 -5.899860047840977131e+03 -6.267659017823129034e+03 1.290268551229072273e+03
3.670000000000000000e+02 -5.894624480182939806e+03 -6.270167699674735559e+03 1.293677201314720605e+03
3.680000000000000000e+02 -5.889385347626118346e+03 -6.272672589509509635e+03 1.297085069021532945e+03
3.690000000000000000e+02 -5.884142651822437074e+03 -6.275173684197311559e+03 1.300492151954521660e+03
3.700000000000000000e+02 -5.878896394427537416e+03 -6.277670980607800630e+03 1.303898447717167528e+03
3.710000000000000000e+02 -5.873646577100770628e+03 -6.280164475610424233e+03 1.307303953911421331e+03
3.720000000000000000e+02 -5.868393201505224170e+03 -6.282654166074432396e+03 1.310708668137698623e+03
3.730000000000000000e+02 -5.863136269307707153e+03 -6.285140048868865961e+03 1.314112587994881778e+03
3.740000000000000000e+02 -5.857875782178756708e+03 -6.287622120862567499e+03 1.317515711080321125e+03
3.750000000000000000e+02 -5.852611741792653447e+03 -6.290100378924194956e+03 1.320918034989837679e+03
3.760000000000000000e+02 -5.847344149827414185e+03 -6.292574819922205279e+03 1.324319557317716544e+03
3.770000000000000000e+02 -5.842073007964791941e+03 -6.295045440724874425e+03 1.327720275656718286e+03
3.780000000000000000e+02 -5.836798317890308681e+03 -6.297512238200287356e+03 1.331120187598061193e+03
3.790000000000000000e+02 -5.831520081293234398e+03 -6.299975209216339863e+03 1.334519290731430601e+03
3.800000000000000000e+02 -5.826238299866585294e+03 -6.302434350640768571e+03 1.337917582644993217e+03
3.810000000000000000e+02 -5.820952975307151064e+03 -6.304889659341121842e+03 1.341315060925376656e+03
3.820000000000000000e+02 -5.815664109315495807e+03 -6.307341132184772505e+03 1.344711723157670122e+03
3.830000000000000000e+02 -5.810371703595948020e+03 -6.309788766038924223e+03 1.348107566925434185e+03
3.840000000000000000e+02 -5.805075759856606055e+03 -6.312232557770626045e+03 1.351502589810708969e+03
3.850000000000000000e+02 -5.799776279809368134e+03 -6.314672504246750577e+03 1.354896789393985728e+03
3.860000000000000000e+02 -5.794473265169892329e+03 -6.317108602334018542e+03 1.358290163254240952e+03
3.870000000000000000e+02 -5.789166717657663867e+03 -6.319540848898985132e+03 1.361682708968899078e+03
3.880000000000000000e+02 -5.783856638995931462e+03 -6.321969240808066388e+03 1.365074424113874102e+03
3.890000000000000000e+02 -5.778543030911759161e+03 -6.324393774927510094e+03 1.368465306263532511e+03
3.900000000000000000e+02 -5.773225895136009058e+03 -6.326814448123431248e+03 1.371855352990720348e+03
3.910000000000000000e+02 -5.767905233403361308e+03 -6.329231257261792052e+03 1.375244561866742742e+03
3.920000000000000000e+02 -5.762581047452299572e+03 -6.331644199208420105e+03 1.378632930461382330e+03
3.930000000000000000e+02 -5.757253339025119203e+03 -6.334053270829006578e+03 1.382020456342891521e+03
3.940000000000000000e+02 -5.751922109867958170e+03 -6.336458468989098947e+03 1.385407137077981588e+03
3.950000000000000000e+02 -5.746587361730769771e+03 -6.338859790554123720e+03 1.388792970231841082e+03
3.960000000000000000e+02 -5.741249096367344464e+03 -6.341257232389375531e+03 1.392177953368122871e+03
3.970000000000000000e+02 -5.735907315535295311e+03 -6.343650791360027142e+03 1.395562084048958013e+03
3.980000000000000000e+02 -5.730562020996092542e+03 -6.346040464331130352e+03 1.398945359834939381e+03
3.990000000000000000e+02 -5.725213214515048094e+03 -6.348426248167609629e+03 1.402327778285125532e+03
4.000000000000000000e+02 -5.719860897861323792e+03 -6.350808139734291217e+03 1.405709336957053665e+03
4.010000000000000000e+02 -5.714505072807924989e+03 -6.353186135895879488e+03 1.409090033406729162e+03
4.020000000000000000e+02 -5.709145741131734212e+03 -6.355560233516973312e+03 1.412469865188623316e+03
4.030000000000000000e+02 -5.703782904613479332e+03 -6.357930429462072425e+03 1.415848829855685835e+03
4.040000000000000000e+02 -5.698416565037782675e+03 -6.360296720595567422e+03 1.419226924959321877e+03
4.050000000000000000e+02 -5.693046724193105547e+03 -6.362659103781757949e+03 1.422604148049425021e+03
4.060000000000000000e+02 -5.687673383871815531e+03 -6.365017575884843609e+03 1.425980496674345204e+03
4.070000000000000000e+02 -5.682296545870151022e+03 -6.367372133768941239e+03 1.429355968380911918e+03
4.080000000000000000e+02 -5.676916211988235773e+03 -6.369722774298073091e+03 1.432730560714420790e+03
4.090000000000000000e+02 -5.671532384030091634e+03 -6.372069494336178650e+03 1.436104271218638360e+03
4.100000000000000000e+02 -5.666145063803623998e+03 -6.374412290747121006e+03 1.439477097435810037e+03
4.110000000000000000e+02 -5.660754253120652720e+03 -6.376751160394682302e+03 1.442849036906642823e+03
4.120000000000000000e+02 -5.655359953796904847e+03 -6.379086100142573741e+03 1.446220087170317811e+03
4.130000000000000000e+02 -5.649962167651994605e+03 -6.381417106854430131e+03 1.449590245764494057e+03
4.140000000000000000e+02 -5.644560896509480699e+03 -6.383744177393829887e+03 1.452959510225295162e+03
4.150000000000000000e+02 -5.639156142196809924e+03 -6.386067308624281395e+03 1.456327878087326553e+03
4.160000000000000000e+02 -5.633747906545389014e+03 -6.388386497409227559e+03 1.459695346883648199e+03
4.170000000000000000e+02 -5.628336191390520980e+03 -6.390701740612067624e+03 1.463061914145813034e+03
4.180000000000000000e+02 -5.622920998571456948e+03 -6.393013035096141721e+03 1.466427577403836040e+03
4.190000000000000000e+02 -5.617502329931386157e+03 -6.395320377724739046e+03 1.469792334186206290e+03
4.200000000000000000e+02 -5.612080187317429591e+03 -6.397623765361106962e+03 1.473156182019889684e+03
4.210000000000000000e+02 -5.606654572580675449e+03 -6.399923194868443716e+03 1.476519118430317576e+03
4.220000000000000000e+02 -5.601225487576134583e+03 -6.402218663109914814e+03 1.479881140941407466e+03
4.230000000000000000e+02 -5.595792934162803249e+03 -6.404510166948651204e+03 1.483242247075538671e+03
4.240000000000000000e+02 -5.590356914203619453e+03 -6.406797703247751087e+03 1.486602434353573926e+03
4.250000000000000000e+02 -5.584917429565492057e+03 -6.409081268870278109e+03 1.489961700294844150e+03
4.260000000000000000e+02 -5.579474482119307140e+03 -6.411360860679276811e+03 1.493320042417155264e+03
4.270000000000000000e+02 -5.574028073739911633e+03 -6.413636475537775368e+03 1.496677458236795019e+03
4.280000000000000000e+02 -5.568578206306137872e+03 -6.415908110308778305e+03 1.500033945268521165e+03
4.290000000000000000e+02 -5.563124881700812693e+03 -6.418175761855271048e+03 1.503389501025561003e+03
4.300000000000000000e+02 -5.557668101810731969e+03 -6.420439427040242663e+03 1.506744123019630706e+03
4.310000000000000000e+02 -5.552207868526701532e+03 -6.422699102726669480e+03 1.510097808760915768e+03
4.320000000000000000e+02 -5.546744183743518079e+03 -6.424954785777514189e+03 1.513450555758071687e+03
4.330000000000000000e+02 -5.541277049359977354e+03 -6.427206473055758579e+03 1.516802361518243742e+03
4.340000000000000000e+02 -5.535806467278889613e+03 -6.429454161424378981e+03 1.520153223547045855e+03
4.350000000000000000e+02 -5.530332439407076890e+03 -6.431697847746355365e+03 1.523503139348565128e+03
4.360000000000000000e+02 -5.524854967655375731e+03 -6.433937528884689527e+03 1.526852106425374814e+03
4.370000000000000000e+02 -5.519374053938635370e+03 -6.436173201702390543e+03 1.530200122278524304e+03
4.380000000000000000e+02 -5.513889700175746839e+03 -6.438404863062492950e+03 1.533547184407537088e+03
4.390000000000000000e+02 -5.508401908289622043e+03 -6.440632509828044022e+03 1.536893290310413477e+03
4.400000000000000000e+02 -5.502910680207204678e+03 -6.442856138862129228e+03 1.540238437483642656e+03
4.410000000000000000e+02 -5.497416017859492058e+03 -6.445075747027861325e+03 1.543582623422182451e+03
4.420000000000000000e+02 -5.491917923181506922e+03 -6.447291331188378535e+03 1.546925845619476604e+03
4.430000000000000000e+02 -5.486416398112346542e+03 -6.449502888206863645e+03 1.550268101567438180e+03
4.440000000000000000e+02 -5.480911444595136345e+03 -6.451710414946541277e+03 1.553609388756474573e+03
4.450000000000000000e+02 -5.475403064577069927e+03 -6.453913908270678803e+03 1.556949704675466592e+03
4.460000000000000000e+02 -5.469891260009411781e+03 -6.456113365042594523e+03 1.560289046811771868e+03
4.470000000000000000e+02 -5.464376032847488204e+03 -6.458308782125654943e+03 1.563627412651234636e+03
4.480000000000000000e+02 -5.458857385050700032e+03 -6.460500156383284775e+03 1.566964799678174586e+03
4.490000000000000000e+02 -5.453335318582518994e+03 -6.462687484678976944e+03 1.570301205375405516e+03
4.500000000000000000e+02 -5.447809835410503183e+03 -6.464870763876274395e+03 1.573636627224206677e+03
4.510000000000000000e+02 -5.442280937506297050e+03 -6.467049990838799204e+03 1.576971062704355063e+03
4.520000000000000000e+02 -5.436748626845644139e+03 -6.469225162430237106e+03 1.580304509294096079e+03
4.530000000000000000e+02 -5.431212905408368897e+03 -6.471396275514356603e+03 1.583636964470172416e+03
4.540000000000000000e+02 -5.425673775178414871e+03 -6.473563326954998956e+03 1.586968425707795177e+03
4.550000000000000000e+02 -5.420131238143809242e+03 -6.475726313616091829e+03 1.590298890480676391e+03
4.560000000000000000e+02 -5.414585296296703746e+03 -6.477885232361650196e+03 1.593628356260999908e+03
4.570000000000000000e+02 -5.409035951633363766e+03 -6.480040080055780891e+03 1.596956820519440953e+03
4.580000000000000000e+02 -5.403483206154177424e+03 -6.482190853562679877e+03 1.600284280725151120e+03
4.590000000000000000e+02 -5.397927061863651033e+03 -6.484337549746645891e+03 1.603610734345774972e+03
4.600000000000000000e+02 -5.392367520770410010e+03 -6.486480165472084991e+03 1.606936178847449355e+03
4.610000000000000000e+02 -5.386804584887235251e+03 -6.488618697603500550e+03 1.610260611694781346e+03
4.620000000000000000e+02 -5.381238256231034939e+03 -6.490753143005507809e+03 1.613584030350874627e+03
4.630000000000000000e+02 -5.375668536822850911e+03 -6.492883498542846610e+03 1.616906432277325393e+03
4.640000000000000000e+02 -5.370095428687897765e+03 -6.495009761080362296e+03 1.620227814934201660e+03
4.650000000000000000e+02 -5.364518933855519208e+03 -6.497131927483026629e+03 1.623548175780071688e+03
4.660000000000000000e+02 -5.358939054359218972e+03 -6.499249994615943251e+03 1.626867512271994428e+03
4.670000000000000000e+02 -5.353355792236675370e+03 -6.501363959344334035e+03 1.630185821865504749e+03
4.680000000000000000e+02 -5.347769149529720380e+03 -6.503473818533572739e+03 1.633503102014643446e+03
4.690000000000000000e+02 -5.342179128284370563e+03 -6.505579569049146812e+03 1.636819350171923588e+03
4.700000000000000000e+02 -5.336585730550802509e+03 -6.507681207756713775e+03 1.640134563788366449e+03
4.710000000000000000e+02 -5.330988958383386489e+03 -6.509778731522051203e+03 1.643448740313469216e+03
4.720000000000000000e+02 -5.325388813840668263e+03 -6.511872137211109475e+03 1.646761877195231818e+03
4.730000000000000000e+02 -5.319785298985391819e+03 -6.513961421689976305e+03 1.650073971880138970e+03
4.740000000000000000e+02 -5.314178415884493006e+03 -6.516046581824904024e+03 1.653385021813166759e+03
4.750000000000000000e+02 -5.308568166609112268e+03 -6.518127614482310491e+03 1.656695024437789698e+03
4.760000000000000000e+02 -5.302954553234580089e+03 -6.520204516528775457e+03 1.660003977195973221e+03
4.770000000000000000e+02 -5.297337577840456106e+03 -6.522277284831046018e+03 1.663311877528171181e+03
4.780000000000000000e+02 -5.291717242510489996e+03 -6.524345916256054807e+03 1.666618722873345178e+03
4.790000000000000000e+02 -5.286093549332678776e+03 -6.526410407670899986e+03 1.669924510668932726e+03
4.800000000000000000e+02 -5.280466500399212237e+03 -6.528470755942877076e+03 1.673229238350886590e+03
4.810000000000000000e+02 -5.274836097806526595e+03 -6.530526957939454405e+03 1.676532903353642496e+03
4.820000000000000000e+02 -5.269202343655297227e+03 -6.532579010528297658e+03 1.679835503110131640e+03
4.830000000000000000e+02 -5.263565240050410466e+03 -6.534626910577268973e+03 1.683137035051793191e+03
4.840000000000000000e+02 -5.257924789101021815e+03 -6.536670654954428755e+03 1.686437496608553147e+03
4.850000000000000000e+02 -5.252280992920518656e+03 -6.538710240528039321e+03 1.689736885208840022e+03
4.860000000000000000e+02 -5.246633853626551172e+03 -6.540745664166568531e+03 1.693035198279576207e+03
4.870000000000000000e+02 -5.240983373341006882e+03 -6.542776922738702524e+03 1.696332433246194114e+03
4.880000000000000000e+02 -5.235329554190056115e+03 -6.544804013113338442e+03 1.699628587532612528e+03
4.890000000000000000e+02 -5.229672398304121998e+03 -6.546826932159597163e+03 1.702923658561261163e+03
4.900000000000000000e+02 -5.224011907817901374e+03 -6.548845676746818754e+03 1.706217643753063612e+03
4.910000000000000000e+02 -5.218348084870365710e+03 -6.550860243744580657e+03 1.709510540527450303e+03
4.920000000000000000e+02 -5.212680931604771104e+03 -6.552870630022678597e+03 1.712802346302345313e+03
4.930000000000000000e+02 -5.207010450168647367e+03 -6.554876832451166592e+03 1.716093058494189108e+03
4.940000000000000000e+02 -5.201336642713833498e+03 -6.556878847900315122e+03 1.719382674517905343e+03
4.950000000000000000e+02 -5.195659511396434937e+03 -6.558876673240661148e+03 1.722671191786943382e+03
4.960000000000000000e+02 -5.189979058376887224e+03 -6.560870305342980828e+03 1.725958607713239417e+03
4.970000000000000000e+02 -5.184295285819896890e+03 -6.562859741078309526e+03 1.729244919707248982e+03
4.980000000000000000e+02 -5.178608195894515120e+03 -6.564844977317934536e+03 1.732530125177916034e+03
4.990000000000000000e+02 -5.172917790774077730e+03 -6.566826010933414182e+03 1.735814221532708871e+03
5.000000000000000000e+02 -5.167224072636241544e+03 -6.568802838796568722e+03 1.739097206177593307e+03
5.010000000000000000e+02 -5.161527043663007134e+03 -6.570775457779489443e+03 1.742379076517039039e+03
5.020000000000000000e+02 -5.155826706040681529e+03 -6.572743864754545029e+03 1.745659829954031238e+03
5.030000000000000000e+02 -5.150123061959910046e+03 -6.574708056594387926e+03 1.748939463890062598e+03
5.040000000000000000e+02 -5.144416113615674476e+03 -6.576668030171947976e+03 1.752217975725132646e+03
5.050000000000000000e+02 -5.138705863207304901e+03 -6.578623782360448786e+03 1.755495362857750933e+03
5.060000000000000000e+02 -5.132992312938466057e+03 -6.580575310033406822e+03 1.758771622684941576e+03
5.070000000000000000e+02 -5.127275465017191891e+03 -6.582522610064631408e+03 1.762046752602231891e+03
5.080000000000000000e+02 -5.121555321655846456e+03 -6.584465679328242004e+03 1.765320750003673993e+03
5.090000000000000000e+02 -5.115831885071180295e+03 -6.586404514698660932e+03 1.768593612281822288e+03
5.100000000000000000e+02 -5.110105157484292249e+03 -6.588339113050617016e+03 1.771865336827747569e+03
5.110000000000000000e+02 -5.104375141120662192e+03 -6.590269471259159218e+03 1.775135921031034513e+03
5.120000000000000000e+02 -5.098641838210134665e+03 -6.592195586199657555e+03 1.778405362279786686e+03
5.130000000000000000e+02 -5.092905250986949795e+03 -6.594117454747802185e+03 1.781673657960615401e+03
5.140000000000000000e+02 -5.087165381689711467e+03 -6.596035073779613413e+03 1.784940805458654722e+03
5.150000000000000000e+02 -5.081422232561429155e+03 -6.597948440171448965e+03 1.788206802157555103e+03
5.160000000000000000e+02 -5.075675805849501558e+03 -6.599857550799994897e+03 1.791471645439479971e+03
5.170000000000000000e+02 -5.069926103805719322e+03 -6.601762402542291056e+03 1.794735332685119829e+03
5.180000000000000000e+02 -5.064173128686294149e+03 -6.603662992275711076e+03 1.797997861273670651e+03
5.190000000000000000e+02 -5.058416882751829689e+03 -6.605559316877992387e+03 1.801259228582860942e+03
5.200000000000000000e+02 -5.052657368267344282e+03 -6.607451373227221666e+03 1.804519431988938550e+03
5.210000000000000000e+02 -5.046894587502281865e+03 -6.609339158201845748e+03 1.807778468866665889e+03
5.220000000000000000e+02 -5.041128542730509253e+03 -6.611222668680677998e+03 1.811036336589330404e+03
5.230000000000000000e+02 -5.035359236230307033e+03 -6.613101901542900123e+03 1.814293032528746153e+03
5.240000000000000000e+02 -5.029586670284396860e+03 -6.614976853668072181e+03 1.817548554055251770e+03
5.250000000000000000e+02 -5.023810847179954180e+03 -6.616847521936122575e+03 1.820802898537695683e+03
5.260000000000000000e+02 -5.018031769208564583e+03 -6.618713903227374431e+03 1.824056063343471124e+03
5.270000000000000000e+02 -5.012249438666279275e+03 -6.620575994422532858e+03 1.827308045838487942e+03
5.280000000000000000e+02 -5.006463857853605077e+03 -6.622433792402693143e+03 1.830558843387178513e+03
5.290000000000000000e+02 -5.000675029075484417e+03 -6.624287294049358024e+03 1.833808453352515471e+03
5.300000000000000000e+02 -4.994882954641338983e+03 -6.626136496244416776e+03 1.837056873095987157e+03
5.310000000000000000e+02 -4.989087636865045170e+03 -6.627981395870180677e+03 1.840304099977621718e+03
5.320000000000000000e+02 -4.983289078064966816e+03 -6.629821989809354818e+03 1.843550131355963003e+03
5.330000000000000000e+02 -4.977487280563914283e+03 -6.631658274945081757e+03 1.846794964588105813e+03
5.340000000000000000e+02 -4.971682246689199928e+03 -6.633490248160906958e+03 1.850038597029661332e+03
5.350000000000000000e+02 -4.965873978772625378e+03 -6.635317906340803347e+03 1.853281026034772822e+03
5.360000000000000000e+02 -4.960062479150452418e+03 -6.637141246369180408e+03 1.856522248956129033e+03
5.370000000000000000e+02 -4.954247750163475757e+03 -6.638960265130878724e+03 1.859762263144939425e+03
5.380000000000000000e+02 -4.948429794156951175e+03 -6.640774959511179077e+03 1.863001065950962811e+03
5.390000000000000000e+02 -4.942608613480661916e+03 -6.642585326395805168e+03 1.866238654722480987e+03
5.400000000000000000e+02 -4.936784210488894132e+03 -6.644391362670928174e+03 1.869475026806319647e+03
5.410000000000000000e+02 -4.930956587540448709e+03 -6.646193065223177655e+03 1.872710179547839061e+03
5.420000000000000000e+02 -4.925125746998642171e+03 -6.647990430939634280e+03 1.875944110290940216e+03
5.430000000000000000e+02 -4.919291691231309414e+03 -6.649783456707849837e+03 1.879176816378062767e+03
5.440000000000000000e+02 -4.913454422610815527e+03 -6.651572139415839956e+03 1.882408295150189815e+03
5.450000000000000000e+02 -4.907613943514075800e+03 -6.653356475952092296e+03 1.885638543946834943e+03
5.460000000000000000e+02 -4.901770256322507521e+03 -6.655136463205574728e+03 1.888867560106071551e+03
5.470000000000000000e+02 -4.895923363422105467e+03 -6.656912098065734426e+03 1.892095340964498064e+03
5.480000000000000000e+02 -4.890073267203376417e+03 -6.658683377422509693e+03 1.895321883857273406e+03
5.490000000000000000e+02 -4.884219970061413733e+03 -6.660450298166326320e+03 1.898547186118085847e+03
5.500000000000000000e+02 -4.878363474395835510e+03 -6.662212857188113958e+03 1.901771245079184155e+03
5.510000000000000000e+02 -4.872503782610850976e+03 -6.663971051379295204e+03 1.904994058071348945e+03
5.520000000000000000e+02 -4.866640897115199550e+03 -6.665724877631810159e+03 1.908215622423926106e+03
5.530000000000000000e+02 -4.860774820322233609e+03 -6.667474332838097325e+03 1.911435935464790191e+03
5.540000000000000000e+02 -4.854905554649840269e+03 -6.669219413891127260e+03 1.914654994520385571e+03
5.550000000000000000e+02 -4.849033102520507782e+03 -6.670960117684378929e+03 1.917872796915692561e+03
5.560000000000000000e+02 -4.843157466361307343e+03 -6.672696441111866989e+03 1.921089339974251970e+03
5.570000000000000000e+02 -4.837278648603901274e+03 -6.674428381068129966e+03 1.924304621018149192e+03
5.580000000000000000e+02 -4.831396651684533936e+03 -6.676155934448249354e+03 1.927518637368033069e+03
5.590000000000000000e+02 -4.825511478044070827e+03 -6.677879098147845070e+03 1.930731386343095892e+03
5.600000000000000000e+02 -4.819623130127954937e+03 -6.679597869063082726e+03 1.933942865261095903e+03
5.610000000000000000e+02 -4.813731610386256762e+03 -6.681312244090679997e+03 1.937153071438341385e+03
5.620000000000000000e+02 -4.807836921273654298e+03 -6.683022220127911169e+03 1.940362002189699524e+03
5.630000000000000000e+02 -4.801939065249444866e+03 -6.684727794072613506e+03 1.943569654828598459e+03
5.640000000000000000e+02 -4.796038044777551477e+03 -6.686428962823189067e+03 1.946776026667022279e+03
5.650000000000000000e+02 -4.790133862326505550e+03 -6.688125723278609257e+03 1.949981115015522619e+03
5.660000000000000000e+02 -4.784226520369501486e+03 -6.689818072338429374e+03 1.953184917183204107e+03
5.670000000000000000e+02 -4.778316021384351188e+03 -6.691506006902776790e+03 1.956387430477738462e+03
5.680000000000000000e+02 -4.772402367853516807e+03 -6.693189523872371865e+03 1.959588652205360631e+03
5.690000000000000000e+02 -4.766485562264090731e+03 -6.694868620148529772e+03 1.962788579670876743e+03
5.700000000000000000e+02 -4.760565607107840151e+03 -6.696543292633148667e+03 1.965987210177644783e+03
5.710000000000000000e+02 -4.754642504881176137e+03 -6.698213538228746074e+03 1.969184541027603245e+03
5.720000000000000000e+02 -4.748716258085172740e+03 -6.699879353838435236e+03 1.972380569521250436e+03
5.730000000000000000e+02 -4.742786869225560622e+03 -6.701540736365944213e+03 1.975575292957660849e+03
5.740000000000000000e+02 -4.736854340812767077e+03 -6.703197682715622250e+03 1.978768708634470386e+03
5.750000000000000000e+02 -4.730918675361865098e+03 -6.704850189792437959e+03 1.981960813847894769e+03
5.760000000000000000e+02 -4.724979875392614304e+03 -6.706498254501991141e+03 1.985151605892722955e+03
