0.000000000000000000e+00 -2.221191825516046665e+05 -2.221191825516046665e+05 -2.221191825516046665e+05 -2.221191825516046665e+05
0.000000000000000000e+00 -2.173507494661468372e+05 -2.197189282731348358e+05 -2.197189282731348358e+05 -2.221191902915598184e+05
1.000000000000000000e+02 -2.126457840699257504e+05 -2.172931319081996044e+05 -2.220998882673717744e+05 -2.221191980315006804e+05
2.000000000000000000e+02 -2.080051383213207300e+05 -2.148432702229901915e+05 -2.220872223779163905e+05 -2.221192057714289404e+05
3.000000000000000000e+02 -2.034330591945796623e+05 -2.123723566439087444e+05 -2.220748756993891438e+05 -2.221192135113466065e+05
4.000000000000000000e+02 -1.989367756079823885e+05 -2.098849755256788339e+05 -2.220629846165302733e+05 -2.221192212512557162e+05
5.000000000000000000e+02 -1.945260088173817203e+05 -2.073872606233393890e+05 -2.220516800168160407e+05 -2.221192289911583939e+05
6.000000000000000000e+02 -1.902123987559764064e+05 -2.048868049167675490e+05 -2.220410857499878330e+05 -2.221192367310569389e+05
7.000000000000000000e+02 -1.860088549344972998e+05 -2.023924937820046907e+05 -2.220313171960078180e+05 -2.221192444709537667e+05
8.000000000000000000e+02 -1.819288559779929637e+05 -1.999142604037544224e+05 -2.220224799611753551e+05 -2.221192522108509729e+05
9.000000000000000000e+02 -1.779857344692294719e+05 -1.974627706095997419e+05 -2.220146687190397060e+05 -2.221192599507512350e+05
1.000000000000000000e+03 -1.741919913525876764e+05 -1.950490528601411497e+05 -2.220079662093623774e+05 -2.221192676906569395e+05
1.100000000000000000e+03 -1.705586852726852521e+05 -1.926840965599461342e+05 -2.220024424048585061e+05 -2.221192754305702983e+05
1.200000000000000000e+03 -1.670949365981571900e+05 -1.903784467963712232e+05 -2.219981538518839225e+05 -2.221192831704938726e+05
1.300000000000000000e+03 -1.638075745657707739e+05 -1.881418250653437863e+05 -2.219951431877703290e+05 -2.221192909104297869e+05
1.400000000000000000e+03 -1.607009411271418794e+05 -1.859828031420129118e+05 -2.219934388342390594e+05 -2.221192986503802240e+05
1.500000000000000000e+03 -1.577768493989358831e+05 -1.839085513891127193e+05 -2.219930548633511062e+05 -2.221193063903470756e+05
1.600000000000000000e+03 -1.550346807049466879e+05 -1.819246745175763499e+05 -2.219939910298360628e+05 -2.221193141303323791e+05
1.700000000000000000e+03 -1.524715939732360130e+05 -1.800351385676181526e+05 -2.219962329614392365e+05 -2.221193218703377061e+05
1.800000000000000000e+03 -1.500828156444519409e+05 -1.782422841517986380e+05 -2.219997524971789389e+05 -2.221193296103646280e+05
1.900000000000000000e+03 -1.478619771964749380e+05 -1.765469139997680031e+05 -2.220045081621046120e+05 -2.221193373504144256e+05
2.000000000000000000e+03 -1.458014700749997282e+05 -1.749484382826540968e+05 -2.220104457662886998e+05 -2.221193450904881465e+05
2.100000000000000000e+03 -1.438927930109374283e+05 -1.734450592455357255e+05 -2.220174991153558658e+05 -2.221193528305867221e+05
2.200000000000000000e+03 -1.421268731105421029e+05 -1.720339770515524724e+05 -2.220255908197840618e+05 -2.221193605707107636e+05
2.300000000000000000e+03 -1.404943486179371830e+05 -1.707116008588620170e+05 -2.220346331904740073e+05 -2.221193683108606201e+05
2.400000000000000000e+03 -1.389858070870475785e+05 -1.694737523187690822e+05 -2.220445292086057889e+05 -2.221193760510364664e+05
2.500000000000000000e+03 -1.375919774186865834e+05 -1.683158522481612163e+05 -2.220551735585155257e+05 -2.221193837912380113e+05
2.600000000000000000e+03 -1.363038776701098541e+05 -1.672330846774833917e+05 -2.220664537131616962e+05 -2.221193915314651094e+05
2.700000000000000000e+03 -1.351129227899592370e+05 -1.662205354677444848e+05 -2.220782510626609437e+05 -2.221193992717170040e+05
2.800000000000000000e+03 -1.340109976552007429e+05 -1.652733050552452332e+05 -2.220904420772653830e+05 -2.221194070119929384e+05
2.900000000000000000e+03 -1.329905012227843108e+05 -1.643865965837272233e+05 -2.221028994969951455e+05 -2.221194147522917774e+05
3.000000000000000000e+03 -1.320443674914290314e+05 -1.635557817739318998e+05 -2.221154935408678139e+05 -2.221194224926121242e+05
3.100000000000000000e+03 -1.311660685025273997e+05 -1.627764474632517959e+05 -2.221280931292433233e+05 -2.221194302329526108e+05
3.200000000000000000e+03 -1.303496039555226744e+05 -1.620444259437920991e+05 -2.221405671131971467e+05 -2.221194379733116075e+05
3.300000000000000000e+03 -1.295894812901729019e+05 -1.613558121519860579e+05 -2.221527855050229700e+05 -2.221194457136871642e+05
3.400000000000000000e+03 -1.288806893747728318e+05 -1.607069705168106593e+05 -2.221646207039412111e+05 -2.221194534540770983e+05
3.500000000000000000e+03 -1.282186682832536026e+05 -1.600945339352702431e+05 -2.221759487108485191e+05 -2.221194611944794888e+05
3.600000000000000000e+03 -1.275992770694841747e+05 -1.595153969705336494e+05 -2.221866503255005809e+05 -2.221194689348919492e+05
3.700000000000000000e+03 -1.270187609624239849e+05 -1.589667049985681078e+05 -2.221966123188986967e+05 -2.221194766753122676e+05
3.800000000000000000e+03 -1.264737190092172095e+05 -1.584458406870125909e+05 -2.222057285728777351e+05 -2.221194844157380285e+05
3.900000000000000000e+03 -1.259610728772637958e+05 -1.579504088878377224e+05 -2.222139011780210130e+05 -2.221194921561669034e+05
4.000000000000000000e+03 -1.254780372803405480e+05 -1.574782207677507831e+05 -2.222210414800965518e+05 -2.221194998965964478e+05
4.100000000000000000e+03 -1.250220923068068805e+05 -1.570272777869719721e+05 -2.222270710642847407e+05 -2.221195076370241586e+05
4.200000000000000000e+03 -1.245909577890247019e+05 -1.565957559645937581e+05 -2.222319226656148967e+05 -2.221195153774478240e+05
4.300000000000000000e+03 -1.241825697526472359e+05 -1.561819907324058295e+05 -2.222355409933079500e+05 -2.221195231178650283e+05
4.400000000000000000e+03 -1.237950589139942458e+05 -1.557844625734745932e+05 -2.222378834562063566e+05 -2.221195308582737925e+05
4.500000000000000000e+03 -1.234267311463443330e+05 -1.554017835616231314e+05 -2.222389207762313017e+05 -2.221195385986717883e+05
4.600000000000000000e+03 -1.230760498059369420e+05 -1.550326848584496765e+05 -2.222386374768909591e+05 -2.221195463390574441e+05
4.700000000000000000e+03 -1.227416197912562056e+05 -1.546760051813835453e+05 -2.222370322343380831e+05 -2.221195540794288099e+05
4.800000000000000000e+03 -1.224221732012172142e+05 -1.543306802259386168e+05 -2.222341180793713429e+05 -2.221195618197844015e+05
4.900000000000000000e+03 -1.221165564564516826e+05 -1.539957330047907308e+05 -2.222299224401192332e+05 -2.221195695601227926e+05
5.000000000000000000e+03 -1.218237187509328069e+05 -1.536702650531918916e+05 -2.222244870169583883e+05 -2.221195773004429939e+05
5.100000000000000000e+03 -1.215427017071300506e+05 -1.533534484426130366e+05 -2.222178674834654084e+05 -2.221195850407438120e+05
5.200000000000000000e+03 -1.212726301156138215e+05 -1.530445185408894322e+05 -2.222101330098776089e+05 -2.221195927810248104e+05
5.300000000000000000e+03 -1.210127036487093719e+05 -1.527427674563756154e+05 -2.222013656085612893e+05 -2.221196005212854943e+05
5.400000000000000000e+03 -1.207621894468536484e+05 -1.524475381048041745e+05 -2.221916593043031753e+05 -2.221196082615255727e+05
5.500000000000000000e+03 -1.205204154853335349e+05 -1.521582188400451269e+05 -2.221811191357469070e+05 -2.221196160017451039e+05
5.600000000000000000e+03 -1.202867646378129575e+05 -1.518742385932723701e+05 -2.221698599978775019e+05 -2.221196237419444369e+05
5.700000000000000000e+03 -1.200606693613265816e+05 -1.515950624688121607e+05 -2.221580053390077665e+05 -2.221196314821241831e+05
5.800000000000000000e+03 -1.198416069351249025e+05 -1.513201877489283215e+05 -2.221456857290970511e+05 -2.221196392222852155e+05
5.900000000000000000e+03 -1.196290951928596041e+05 -1.510491402637944266e+05 -2.221330373193208943e+05 -2.221196469624283491e+05
6.000000000000000000e+03 -1.194226886940816621e+05 -1.507814710868191032e+05 -2.221202002154907386e+05 -2.221196547025548643e+05
6.100000000000000000e+03 -1.192219752869038348e+05 -1.505167535192345676e+05 -2.221073167900753615e+05 -2.221196624426663911e+05
6.200000000000000000e+03 -1.190265730189774622e+05 -1.502545803313934593e+05 -2.220945299591367948e+05 -2.221196701827643556e+05
6.300000000000000000e+03 -1.188361273586862953e+05 -1.499945612315252947e+05 -2.220819814513741294e+05 -2.221196779228507075e+05
6.400000000000000000e+03 -1.186503086927127297e+05 -1.497363205357775150e+05 -2.220698100966544298e+05 -2.221196856629274262e+05
6.500000000000000000e+03 -1.184688100699187489e+05 -1.494794950162098976e+05 -2.220581501608753751e+05 -2.221196934029964905e+05
6.600000000000000000e+03 -1.182913451648562914e+05 -1.492237319060525915e+05 -2.220471297527892748e+05 -2.221197011430602579e+05
6.700000000000000000e+03 -1.181176464372134797e+05 -1.489686870439874183e+05 -2.220368693265576439e+05 -2.221197088831210276e+05
6.800000000000000000e+03 -1.179474634661564633e+05 -1.487140231415024900e+05 -2.220274803013882774e+05 -2.221197166231810406e+05
6.900000000000000000e+03 -1.177805614408779657e+05 -1.484594081595308380e+05 -2.220190638167286234e+05 -2.221197243632428290e+05
7.000000000000000000e+03 -1.176167197907420486e+05 -1.482045137826433347e+05 -2.220117096382534655e+05 -2.221197321033087501e+05
7.100000000000000000e+03 -1.174557309402568790e+05 -1.479490139810580586e+05 -2.220054952264295134e+05 -2.221197398433812195e+05
7.200000000000000000e+03 -1.172973991757313634e+05 -1.476925836526845233e+05 -2.220004849758857454e+05 -2.221197475834625366e+05
7.300000000000000000e+03 -1.171415396119127545e+05 -1.474348973393870401e+05 -2.219967296302781033e+05 -2.221197553235550004e+05
7.400000000000000000e+03 -1.169879772481722175e+05 -1.471756280136399437e+05 -2.219942658739467734e+05 -2.221197630636609683e+05
7.500000000000000000e+03 -1.168365461049295700e+05 -1.469144459338271990e+05 -2.219931160985043971e+05 -2.221197708037823904e+05
7.600000000000000000e+03 -1.166870884320026089e+05 -1.466510175686117436e+05 -2.219932883396674879e+05 -2.221197785439211584e+05
7.700000000000000000e+03 -1.165394539814464224e+05 -1.463850045931327622e+05 -2.219947763771892060e+05 -2.221197862840791058e+05
7.800000000000000000e+03 -1.163934993382229441e+05 -1.461160629622981942e+05 -2.219975599887493008e+05 -2.221197940242578043e+05
7.900000000000000000e+03 -1.162490873027319758e+05 -1.458438420691647916e+05 -2.220016053470828338e+05 -2.221198017644589127e+05
8.000000000000000000e+03 -1.161060863198417646e+05 -1.455679839993743517e+05 -2.220068655485314957e+05 -2.221198095046832459e+05
8.100000000000000000e+03 -1.159643699495970068e+05 -1.452881228958597057e+05 -2.220132812605158833e+05 -2.221198172449322010e+05
8.200000000000000000e+03 -1.158238163752592955e+05 -1.450038844515668461e+05 -2.220207814751641999e+05 -2.221198249852061854e+05
8.300000000000000000e+03 -1.156843079447584751e+05 -1.447148855517691118e+05 -2.220292843564027571e+05 -2.221198327255056938e+05
8.400000000000000000e+03 -1.155457307420071302e+05 -1.444207340916539833e+05 -2.220386981682003825e+05 -2.221198404658313375e+05
8.500000000000000000e+03 -1.154079741848634876e+05 -1.441210289992224425e+05 -2.220489222722630657e+05 -2.221198482061828254e+05
8.600000000000000000e+03 -1.152709306468214345e+05 -1.438153604980769742e+05 -2.220598481842528272e+05 -2.221198559465600119e+05
8.700000000000000000e+03 -1.151344950997684355e+05 -1.435033106493043888e+05 -2.220713606784812873e+05 -2.221198636869624024e+05
8.800000000000000000e+03 -1.149985647753826197e+05 -1.431844542162221915e+05 -2.220833389319349371e+05 -2.221198714273892110e+05
8.900000000000000000e+03 -1.148630388429462473e+05 -1.428583599000722170e+05 -2.220956576993697672e+05 -2.221198791678395646e+05
9.000000000000000000e+03 -1.147278181015340524e+05 -1.425245919985313667e+05 -2.221081885120103834e+05 -2.221198869083120662e+05
9.100000000000000000e+03 -1.145928046846978250e+05 -1.421827125418479554e+05 -2.221208008930601936e+05 -2.221198946488056972e+05
9.200000000000000000e+03 -1.144579017759107519e+05 -1.418322839630754024e+05 -2.221333635837290494e+05 -2.221199023893185658e+05
9.300000000000000000e+03 -1.143230133331638499e+05 -1.414728723587731074e+05 -2.221457457737959921e+05 -2.221199101298489550e+05
9.400000000000000000e+03 -1.141880438212192093e+05 -1.411040513940944220e+05 -2.221578183308272855e+05 -2.221199178703949437e+05
9.500000000000000000e+03 -1.140528979501274589e+05 -1.407254069007370563e+05 -2.221694550220458768e+05 -2.221199256109543785e+05
9.600000000000000000e+03 -1.139174804187066911e+05 -1.403365422070945206e+05 -2.221805337225289259e+05 -2.221199333515252802e+05
9.700000000000000000e+03 -1.137816956617622782e+05 -1.399370842264019593e+05 -2.221909376028808474e+05 -2.221199410921051749e+05
9.800000000000000000e+03 -1.136454475999019051e+05 -1.395266903100579220e+05 -2.222005562888467102e+05 -2.221199488326918508e+05
9.900000000000000000e+03 -1.135086393908666942e+05 -1.391050558490426629e+05 -2.222092869845037640e+05 -2.221199565732827177e+05
1.000000000000000000e+04 -1.133711731813655351e+05 -1.386719225761073758e+05 -2.222170355497677519e+05 -2.221199643138753891e+05
1.010000000000000000e+04 -1.132329498584563844e+05 -1.382270874851095432e+05 -2.222237175220184145e+05 -2.221199720544677984e+05
1.020000000000000000e+04 -1.130938687995796645e+05 -1.377704122419026971e+05 -2.222292590707413619e+05 -2.221199797950570937e+05
1.030000000000000000e+04 -1.129538276204050781e+05 -1.373018329144941818e+05 -2.222335978732813674e+05 -2.221199875356413831e+05
1.040000000000000000e+04 -1.128127219197119994e+05 -1.368213698003408499e+05 -2.222366838991556724e+05 -2.221199952762182802e+05
1.050000000000000000e+04 -1.126704450205873727e+05 -1.363291370780252910e+05 -2.222384800899739494e+05 -2.221200030167855730e+05
1.060000000000000000e+04 -1.125268877072891337e+05 -1.358253519622191379e+05 -2.222389629218945629e+05 -2.221200107573412824e+05
1.070000000000000000e+04 -1.123819379571991012e+05 -1.353103429986367992e+05 -2.222381228377915686e+05 -2.221200184978836623e+05
1.080000000000000000e+04 -1.122354806673702988e+05 -1.347845571039624920e+05 -2.222359645369532809e+05 -2.221200262384110247e+05
1.090000000000000000e+04 -1.120873973752688471e+05 -1.342485649391346087e+05 -2.222325071112174483e+05 -2.221200339789218851e+05
1.100000000000000000e+04 -1.119375659734185756e+05 -1.337030642074067437e+05 -2.222277840179890918e+05 -2.221200417194151669e+05
1.110000000000000000e+04 -1.117858604177843372e+05 -1.331488804951522325e+05 -2.222218428825829469e+05 -2.221200494598895893e+05
1.120000000000000000e+04 -1.116321504298754735e+05 -1.325869653261176427e+05 -2.222147451247716963e+05 -2.221200572003443958e+05
1.130000000000000000e+04 -1.114763011927269981e+05 -1.320183911796971224e+05 -2.222065654072418110e+05 -2.221200649407790333e+05
1.140000000000000000e+04 -1.113181730411163153e+05 -1.314443433294676652e+05 -2.221973909068260400e+05 -2.221200726811932982e+05
1.150000000000000000e+04 -1.111576211466137174e+05 -1.308661084858550166e+05 -2.221873204127839417e+05 -2.221200804215869866e+05
1.160000000000000000e+04 -1.109944951983416686e+05 -1.302850603699502826e+05 -2.221764632599553443e+05 -2.221200881619601860e+05
1.170000000000000000e+04 -1.108286390806449781e+05 -1.297026424954460672e+05 -2.221649381081975589e+05 -2.221200959023135947e+05
1.180000000000000000e+04 -1.106598905492521735e+05 -1.291203485820147471e+05 -2.221528715830052388e+05 -2.221201036426476203e+05
1.190000000000000000e+04 -1.104880809079492901e+05 -1.285397011550827592e+05 -2.221403967954884283e+05 -2.221201113829633105e+05
1.200000000000000000e+04 -1.103130346882969170e+05 -1.279622289931144769e+05 -2.221276517628088186e+05 -2.221201191232617712e+05
1.210000000000000000e+04 -1.101345693355086551e+05 -1.273894441550899064e+05 -2.221147777526495920e+05 -2.221201268635443121e+05
1.220000000000000000e+04 -1.099524949042829539e+05 -1.268228193513545557e+05 -2.221019175772044400e+05 -2.221201346038124175e+05
1.230000000000000000e+04 -1.097666137691508047e+05 -1.262637664074670465e+05 -2.220892138634518778e+05 -2.221201423440680956e+05
1.240000000000000000e+04 -1.095767203547762765e+05 -1.257136165139530931e+05 -2.220768073270764435e+05 -2.221201500843130052e+05
1.250000000000000000e+04 -1.093826008926353970e+05 -1.251736028596687829e+05 -2.220648350772734557e+05 -2.221201578245490673e+05
1.260000000000000000e+04 -1.091840332116088248e+05 -1.246448461206864013e+05 -2.220534289788554015e+05 -2.221201655647787557e+05
1.270000000000000000e+04 -1.089807865712629282e+05 -1.241283431304530095e+05 -2.220427140965797007e+05 -2.221201733050041366e+05
1.280000000000000000e+04 -1.087726215479608509e+05 -1.236249589017835970e+05 -2.220328072445137368e+05 -2.221201810452276259e+05
1.290000000000000000e+04 -1.085592899854523566e+05 -1.231354220182900026e+05 -2.220238156606262201e+05 -2.221201887854515517e+05
1.300000000000000000e+04 -1.083405350232170167e+05 -1.226603232722054090e+05 -2.220158358237557695e+05 -2.221201965256783587e+05
1.310000000000000000e+04 -1.081160912175901030e+05 -1.222001173052555096e+05 -2.220089524267619418e+05 -2.221202042659104336e+05
1.320000000000000000e+04 -1.078856847725491971e+05 -1.217551269147349958e+05 -2.220032375161476957e+05 -2.221202120061502501e+05
1.330000000000000000e+04 -1.076490338989642623e+05 -1.213255496209934208e+05 -2.219987498048859998e+05 -2.221202197463999619e+05
1.340000000000000000e+04 -1.074058493230742170e+05 -1.209114660552916175e+05 -2.219955341616895457e+05 -2.221202274866619264e+05
1.350000000000000000e+04 -1.071558349668851588e+05 -1.205128497164393193e+05 -2.219936212766558456e+05 -2.221202352269383264e+05
1.360000000000000000e+04 -1.068986888250311604e+05 -1.201295776571421593e+05 -2.219930275001978735e+05 -2.221202429672310827e+05
1.370000000000000000e+04 -1.066341040642908629e+05 -1.197614416919430805e+05 -2.219937548494840739e+05 -2.221202507075422036e+05
1.380000000000000000e+04 -1.063617703733031667e+05 -1.194081597629897296e+05 -2.219957911743547884e+05 -2.221202584478732024e+05
1.390000000000000000e+04 -1.060813755909298052e+05 -1.190693871526376024e+05 -2.219991104728500359e+05 -2.221202661882257962e+05
1.400000000000000000e+04 -1.057926076420011086e+05 -1.187447272885976854e+05 -2.220036733451143373e+05 -2.221202739286011201e+05
1.410000000000000000e+04 -1.054951568086582265e+05 -1.184337419441837701e+05 -2.220094275735239207e+05 -2.221202816690003674e+05
1.420000000000000000e+04 -1.051887183639478608e+05 -1.181359606902181549e+05 -2.220163088163759094e+05 -2.221202894094244984e+05
1.430000000000000000e+04 -1.048729955914904567e+05 -1.178508895042387012e+05 -2.220242414023648889e+05 -2.221202971498740371e+05
1.440000000000000000e+04 -1.045477032106698171e+05 -1.175780184854593535e+05 -2.220331392132844485e+05 -2.221203048903493327e+05
1.450000000000000000e+04 -1.042125712206192111e+05 -1.173168286598570703e+05 -2.220429066428722290e+05 -2.221203126308505016e+05
1.460000000000000000e+04 -1.038673491680536390e+05 -1.170667978886821220e+05 -2.220534396204057266e+05 -2.221203203713776311e+05
1.470000000000000000e+04 -1.035118108335068100e+05 -1.168274059159472818e+05 -2.220646266884880606e+05 -2.221203281119302846e+05
1.480000000000000000e+04 -1.031457593176058581e+05 -1.165981386066289124e+05 -2.220763501253475260e+05 -2.221203358525077638e+05
1.490000000000000000e+04 -1.027690324936013494e+05 -1.163784914381779236e+05 -2.220884871028936177e+05 -2.221203435931091662e+05
1.500000000000000000e+04 -1.023815087745102792e+05 -1.161679723143226729e+05 -2.221009108726083068e+05 -2.221203513337336481e+05
1.510000000000000000e+04 -1.019831131231547042e+05 -1.159661037728806259e+05 -2.221134919721122133e+05 -2.221203590743797540e+05
1.520000000000000000e+04 -1.015738232115091087e+05 -1.157724246591762931e+05 -2.221260994458432251e+05 -2.221203668150460580e+05
1.530000000000000000e+04 -1.011536756127592525e+05 -1.155864913343979133e+05 -2.221386020737111685e+05 -2.221203745557309885e+05
1.540000000000000000e+04 -1.007227718862377806e+05 -1.154078784844339389e+05 -2.221508696018126793e+05 -2.221203822964323626e+05
1.550000000000000000e+04 -1.002812843931091920e+05 -1.152361795899296994e+05 -2.221627739693030890e+05 -2.221203900371484342e+05
1.560000000000000000e+04 -9.982946166074748908e+04 -1.150710071129180724e+05 -2.221741905253118020e+05 -2.221203977778769331e+05
1.570000000000000000e+04 -9.936763309779607516e+04 -1.149119924497366301e+05 -2.221849992293765245e+05 -2.221204055186157057e+05
1.580000000000000000e+04 -9.889621285166763118e+04 -1.147587856942918152e+05 -2.221950858282750705e+05 -2.221204132593625691e+05
1.590000000000000000e+04 -9.841570259746978991e+04 -1.146110552502645442e+05 -2.222043430013857724e+05 -2.221204210001148167e+05
1.600000000000000000e+04 -9.792669305365001492e+04 -1.144684873256838182e+05 -2.222126714658430719e+05 -2.221204287408702949e+05
1.610000000000000000e+04 -9.742986403633985901e+04 -1.143307853385112539e+05 -2.222199810318326927e+05 -2.221204364816265006e+05
1.620000000000000000e+04 -9.692598289227063651e+04 -1.141976692575282505e+05 -2.222261915974389995e+05 -2.221204442223811930e+05
1.630000000000000000e+04 -9.641590118939509557e+04 -1.140688748989082524e+05 -2.222312340715925093e+05 -2.221204519631317526e+05
1.640000000000000000e+04 -9.590054959434612829e+04 -1.139441531953919184e+05 -2.222350512129146082e+05 -2.221204597038760257e+05
1.650000000000000000e+04 -9.538093092508640257e+04 -1.138232694519446668e+05 -2.222375983717071940e+05 -2.221204674446119752e+05
1.660000000000000000e+04 -9.485811143312531931e+04 -1.137060025991379080e+05 -2.222388441220441018e+05 -2.221204751853372727e+05
1.670000000000000000e+04 -9.433321043929376174e+04 -1.135921444532257738e+05 -2.222387707709524548e+05 -2.221204829260502884e+05
1.680000000000000000e+04 -9.380738851639875793e+04 -1.134814989899521752e+05 -2.222373747320770053e+05 -2.221204906667491887e+05
1.690000000000000000e+04 -9.328183447692185291e+04 -1.133738816374892194e+05 -2.222346667520506016e+05 -2.221204984074322274e+05
1.700000000000000000e+04 -9.275775148003228242e+04 -1.132691185925308091e+05 -2.222306719790676725e+05 -2.221205061480983277e+05
1.710000000000000000e+04 -9.223634261567323119e+04 -1.131670461624302116e+05 -2.222254298648916010e+05 -2.221205138887459470e+05
1.720000000000000000e+04 -9.171879635119745217e+04 -1.130675101353233622e+05 -2.222189938937127590e+05 -2.221205216293745325e+05
1.730000000000000000e+04 -9.120627223585106549e+04 -1.129703651794191392e+05 -2.222114311338794942e+05 -2.221205293699832691e+05
1.740000000000000000e+04 -9.069988724949039170e+04 -1.128754742720114737e+05 -2.222028216115015675e+05 -2.221205371105716040e+05
1.750000000000000000e+04 -9.020070315476621909e+04 -1.127827081582789251e+05 -2.221932575082019030e+05 -2.221205448511393624e+05
1.760000000000000000e+04 -8.970971516845065344e+04 -1.126919448395452491e+05 -2.221828421887686127e+05 -2.221205525916866900e+05
1.770000000000000000e+04 -8.922784221058239928e+04 -1.126030690903742361e+05 -2.221716890680476499e+05 -2.221205603322137904e+05
1.780000000000000000e+04 -8.875591892347455723e+04 -1.125159720036458893e+05 -2.221599203299705987e+05 -2.221205680727211293e+05
1.790000000000000000e+04 -8.829468958068235952e+04 -1.124305505625920341e+05 -2.221476655150300649e+05 -2.221205758132096962e+05
1.800000000000000000e+04 -8.784480393316272239e+04 -1.123467072386530635e+05 -2.221350599956559890e+05 -2.221205835536803643e+05
1.810000000000000000e+04 -8.740681497022199619e+04 -1.122643496139404451e+05 -2.221222433616980270e+05 -2.221205912941345596e+05
1.820000000000000000e+04 -8.698117850999324583e+04 -1.121833900270437152e+05 -2.221093577404638636e+05 -2.221205990345733881e+05
1.830000000000000000e+04 -8.656825448085388052e+04 -1.121037452409015386e+05 -2.220965460774198873e+05 -2.221206067749987415e+05
1.840000000000000000e+04 -8.616830971322022378e+04 -1.120253361314580834e+05 -2.220839504046567017e+05 -2.221206145154123369e+05
1.850000000000000000e+04 -8.578152203138648474e+04 -1.119480873958409065e+05 -2.220717101245144149e+05 -2.221206222558161535e+05
1.860000000000000000e+04 -8.540798541750080767e+04 -1.118719272788271774e+05 -2.220599603353469283e+05 -2.221206299962123157e+05
1.870000000000000000e+04 -8.504771601360537170e+04 -1.117967873163994809e+05 -2.220488302252887806e+05 -2.221206377366030065e+05
1.880000000000000000e+04 -8.470065873157500755e+04 -1.117226020952382678e+05 -2.220384415581305511e+05 -2.221206454769905540e+05
1.890000000000000000e+04 -8.436669425301931915e+04 -1.116493090270435932e+05 -2.220289072730722255e+05 -2.221206532173773157e+05
1.900000000000000000e+04 -8.404564621986310522e+04 -1.115768481366308260e+05 -2.220203302173080738e+05 -2.221206609577657655e+05
1.910000000000000000e+04 -8.373728843943387619e+04 -1.115051618627941934e+05 -2.220128020272161521e+05 -2.221206686981581734e+05
1.920000000000000000e+04 -8.344135195363276580e+04 -1.114341948709851276e+05 -2.220064021704937331e+05 -2.221206764385569259e+05
1.930000000000000000e+04 -8.315753184852792765e+04 -1.113638938769037486e+05 -2.220011971580281097e+05 -2.221206841789645259e+05
1.940000000000000000e+04 -8.288549370712930977e+04 -1.112942074801495910e+05 -2.219972399307514133e+05 -2.221206919193831854e+05
1.950000000000000000e+04 -8.262487963312417560e+04 -1.112250860071280622e+05 -2.219945694232979440e+05 -2.221206996598151163e+05
1.960000000000000000e+04 -8.237531379621647648e+04 -1.111564813624545059e+05 -2.219932103030890285e+05 -2.221207074002625013e+05
1.970000000000000000e+04 -8.213640746991858759e+04 -1.110883468881414301e+05 -2.219931728805749735e+05 -2.221207151407270576e+05
1.980000000000000000e+04 -8.190776354994856229e+04 -1.110206372298976348e+05 -2.219944531838601397e+05 -2.221207228812108515e+05
1.990000000000000000e+04 -8.168898055571837176e+04 -1.109533082099050371e+05 -2.219970331888493965e+05 -2.221207306217153382e+05
2.000000000000000000e+04 -8.147965612886441522e+04 -1.108863167054792866e+05 -2.220008811944213521e+05 -2.221207383622419729e+05
2.010000000000000000e+04 -8.127939005155209452e+04 -1.108196205330519006e+05 -2.220059523309523938e+05 -2.221207461027919198e+05
2.020000000000000000e+04 -8.108778681366750970e+04 -1.107531783369457407e+05 -2.220121891897742753e+05 -2.221207538433662849e+05
2.030000000000000000e+04 -8.090445776229113108e+04 -1.106869494824448630e+05 -2.220195225608161127e+05 -2.221207615839658829e+05
2.040000000000000000e+04 -8.072902286935168377e+04 -1.106208939526888862e+05 -2.220278722657029575e+05 -2.221207693245909759e+05
2.050000000000000000e+04 -8.056111215440498199e+04 -1.105549722489465639e+05 -2.220371480739258404e+05 -2.221207770652420295e+05
2.060000000000000000e+04 -8.040036679936498695e+04 -1.104891452938479633e+05 -2.220472506902698369e+05 -2.221207848059190146e+05
2.070000000000000000e+04 -8.024643999099791108e+04 -1.104233743371776509e+05 -2.220580728024435521e+05 -2.221207925466215820e+05
2.080000000000000000e+04 -8.009899752532079583e+04 -1.103576208638503886e+05 -2.220695001787155925e+05 -2.221208002873494988e+05
2.090000000000000000e+04 -7.995771820591155847e+04 -1.102918465037122223e+05 -2.220814128062751552e+05 -2.221208080281018920e+05
2.100000000000000000e+04 -7.982229406571776781e+04 -1.102260129428258369e+05 -2.220936860619142535e+05 -2.221208157688778301e+05
2.110000000000000000e+04 -7.969243043937413313e+04 -1.101600818359172845e+05 -2.221061919074526813e+05 -2.221208235096761491e+05
2.120000000000000000e+04 -7.956784591041209933e+04 -1.100940147196776234e+05 -2.221188001030109008e+05 -2.221208312504955684e+05
2.130000000000000000e+04 -7.944827215515686839e+04 -1.100277729266264651e+05 -2.221313794317743741e+05 -2.221208389913341962e+05
2.140000000000000000e+04 -7.933345370260685741e+04 -1.099613174992626009e+05 -2.221437989302301430e+05 -2.221208467321904900e+05
2.150000000000000000e+04 -7.922314762723093736e+04 -1.098946091042379412e+05 -2.221559291179919092e+05 -2.221208544730625581e+05
2.160000000000000000e+04 -7.911712318941987178e+04 -1.098276079463090282e+05 -2.221676432212471846e+05 -2.221208622139483050e+05
2.170000000000000000e+04 -7.901516143630904844e+04 -1.097602736818334088e+05 -2.221788183835652308e+05 -2.221208699548454024e+05
2.180000000000000000e+04 -7.891705477385698759e+04 -1.096925653315953823e+05 -2.221893368573095358e+05 -2.221208776957515802e+05
2.190000000000000000e+04 -7.882260651941344258e+04 -1.096244411927603360e+05 -2.221990871682371071e+05 -2.221208854366646556e+05
2.200000000000000000e+04 -7.873163044254353736e+04 -1.095558587497776462e+05 -2.222079652450621943e+05 -2.221208931775821839e+05
2.210000000000000000e+04 -7.864395030057555414e+04 -1.094867745840694115e+05 -2.222158755048666499e+05 -2.221209009185016330e+05
2.220000000000000000e+04 -7.855939937420166098e+04 -1.094171442823654506e+05 -2.222227318843082176e+05 -2.221209086594207329e+05
2.230000000000000000e+04 -7.847782000746949052e+04 -1.093469223435690074e+05 -2.222284588056632783e+05 -2.221209164003370679e+05
2.240000000000000000e+04 -7.839906315564489341e+04 -1.092760620840664633e+05 -2.222329920659165073e+05 -2.221209241412483098e+05
2.250000000000000000e+04 -7.832298794369038660e+04 -1.092045155414243491e+05 -2.222362796364390815e+05 -2.221209318821523339e+05
2.260000000000000000e+04 -7.824946123747505771e+04 -1.091322333764542127e+05 -2.222382823603403231e+05 -2.221209396230468410e+05
2.270000000000000000e+04 -7.817835722929863550e+04 -1.090591647736668383e+05 -2.222389745344247494e+05 -2.221209473639299686e+05
2.280000000000000000e+04 -7.810955703886528499e+04 -1.089852573401851405e+05 -2.222383443628610694e+05 -2.221209551047997375e+05
2.290000000000000000e+04 -7.804294833046763961e+04 -1.089104570032379270e+05 -2.222363942702547938e+05 -2.221209628456546052e+05
2.300000000000000000e+04 -7.797842494683086989e+04 -1.088347079064207501e+05 -2.222331410628262092e+05 -2.221209705864931457e+05
2.310000000000000000e+04 -7.791588655981335614e+04 -1.087579523049802956e+05 -2.222286159278645937e+05 -2.221209783273139619e+05
2.320000000000000000e+04 -7.785523833795153769e+04 -1.086801304604590114e+05 -2.222228642635555589e+05 -2.221209860681160353e+05
2.330000000000000000e+04 -7.779639063067172538e+04 -1.086011805351304793e+05 -2.222159453336444276e+05 -2.221209938088985218e+05
2.340000000000000000e+04 -7.773925866886026051e+04 -1.085210384867611283e+05 -2.222079317441715102e+05 -2.221210015496609849e+05
2.350000000000000000e+04 -7.768376228137883299e+04 -1.084396379643503315e+05 -2.221989087426228216e+05 -2.221210092904028716e+05
2.360000000000000000e+04 -7.762982562703764415e+04 -1.083569102056380943e+05 -2.221889733432162320e+05 -2.221210170311242982e+05
2.370000000000000000e+04 -7.757737694147984439e+04 -1.082727839373179304e+05 -2.221782332855799759e+05 -2.221210247718253231e+05
2.380000000000000000e+04 -7.752634829839125450e+04 -1.081871852790619741e+05 -2.221668058376674016e+05 -2.221210325125062955e+05
2.390000000000000000e+04 -7.747667538442490331e+04 -1.081000376526538166e+05 -2.221548164572656387e+05 -2.221210402531680011e+05
2.400000000000000000e+04 -7.742829728721409629e+04 -1.080112616977308644e+05 -2.221423973297742486e+05 -2.221210479938113713e+05
2.410000000000000000e+04 -7.738115629584534327e+04 -1.079207751958716544e+05 -2.221296858029158902e+05 -2.221210557344373374e+05
2.420000000000000000e+04 -7.733519771316286642e+04 -1.078284930050112889e+05 -2.221168227415989677e+05 -2.221210634750473546e+05
2.430000000000000000e+04 -7.729036967928790546e+04 -1.077343270064469107e+05 -2.221039508281518065e+05 -2.221210712156429945e+05
2.440000000000000000e+04 -7.724662300574719848e+04 -1.076381860669892340e+05 -2.220912128345416568e+05 -2.221210789562258287e+05
2.450000000000000000e+04 -7.720391101962365792e+04 -1.075399760191369569e+05 -2.220787498938863573e+05 -2.221210866967978654e+05
2.460000000000000000e+04 -7.716218941716161498e+04 -1.074395996624890249e+05 -2.220666997985690250e+05 -2.221210944373611710e+05
2.470000000000000000e+04 -7.712141612628048460e+04 -1.073369567899656977e+05 -2.220551953515450004e+05 -2.221211021779178409e+05
2.480000000000000000e+04 -7.708155117747346230e+04 -1.072319442427801841e+05 -2.220443627960435115e+05 -2.221211099184700579e+05
2.490000000000000000e+04 -7.704255658259202028e+04 -1.071244559984777879e+05 -2.220343203468485153e+05 -2.221211176590203831e+05
2.500000000000000000e+04 -7.700439622104010778e+04 -1.070143832967417111e+05 -2.220251768437994760e+05 -2.221211253995709703e+05
2.510000000000000000e+04 -7.696703573292703368e+04 -1.069016148080299172e+05 -2.220170305451644817e+05 -2.221211331401243515e+05
2.520000000000000000e+04 -7.693044241875065200e+04 -1.067860368504617945e+05 -2.220099680752366548e+05 -2.221211408806828549e+05
2.530000000000000000e+04 -7.689458514520649624e+04 -1.066675336606843630e+05 -2.220040635370083328e+05 -2.221211486212489253e+05
2.540000000000000000e+04 -7.685943425674058381e+04 -1.065459877247143886e+05 -2.219993777972176322e+05 -2.221211563618248620e+05
2.550000000000000000e+04 -7.682496149248607981e+04 -1.064212801749420032e+05 -2.219959579475507489e+05 -2.221211641024129640e+05
2.560000000000000000e+04 -7.679113990824487701e+04 -1.062932912595774833e+05 -2.219938369424410921e+05 -2.221211718430153269e+05
2.570000000000000000e+04 -7.675794380319501215e+04 -1.061619008907968091e+05 -2.219930334108312381e+05 -2.221211795836340461e+05
2.580000000000000000e+04 -7.672534865102471667e+04 -1.060269892776612251e+05 -2.219935516365242656e+05 -2.221211873242708971e+05
2.590000000000000000e+04 -7.669333103521245357e+04 -1.058884376495223405e+05 -2.219953816994185909e+05 -2.221211950649276550e+05
2.600000000000000000e+04 -7.666186858818811015e+04 -1.057461290750396438e+05 -2.219984997680225060e+05 -2.221212028056058625e+05
2.610000000000000000e+04 -7.663093993413016142e+04 -1.055999493810986896e+05 -2.220028685322005185e+05 -2.221212105463068583e+05
2.620000000000000000e+04 -7.660052463516572607e+04 -1.054497881747872307e+05 -2.220084377641143801e+05 -2.221212182870318065e+05
2.630000000000000000e+04 -7.657060314075772476e+04 -1.052955399701307178e+05 -2.220151449947514920e+05 -2.221212260277814057e+05
2.640000000000000000e+04 -7.654115674007586495e+04 -1.051371054194816825e+05 -2.220229162932608742e+05 -2.221212337685563834e+05
2.650000000000000000e+04 -7.651216751716290310e+04 -1.049743926472693129e+05 -2.220316671364810027e+05 -2.221212415093572345e+05
2.660000000000000000e+04 -7.648361830871636630e+04 -1.048073186812445201e+05 -2.220413033564851794e+05 -2.221212492501839879e+05
2.670000000000000000e+04 -7.645549266432272270e+04 -1.046358109733911697e+05 -2.220517221546343353e+05 -2.221212569910366728e+05
2.680000000000000000e+04 -7.642777480898635986e+04 -1.044598089993436006e+05 -2.220628131714343326e+05 -2.221212647319147945e+05
2.690000000000000000e+04 -7.640044960780983092e+04 -1.042792659214881569e+05 -2.220744596023841877e+05 -2.221212724728178582e+05
2.700000000000000000e+04 -7.637350253268917731e+04 -1.040941502969932917e+05 -2.220865393509062415e+05 -2.221212802137450199e+05
2.710000000000000000e+04 -7.634691963089758065e+04 -1.039044478079078981e+05 -2.220989262103195651e+05 -2.221212879546952026e+05
2.720000000000000000e+04 -7.632068749543900776e+04 -1.037101629862964328e+05 -2.221114910675779684e+05 -2.221212956956670969e+05
2.730000000000000000e+04 -7.629479323706137075e+04 -1.035113209033053718e+05 -2.221241031221272424e+05 -2.221213034366591601e+05
2.740000000000000000e+04 -7.626922445782501018e+04 -1.033079687872447539e+05 -2.221366311136928562e+05 -2.221213111776697915e+05
2.750000000000000000e+04 -7.624396922613013885e+04 -1.031001775324268092e+05 -2.221489445530595549e+05 -2.221213189186972741e+05
2.760000000000000000e+04 -7.621901605311302410e+04 -1.028880430578507803e+05 -2.221609149499537307e+05 -2.221213266597394540e+05
2.770000000000000000e+04 -7.619435387032559083e+04 -1.026716874730854324e+05 -2.221724170319597470e+05 -2.221213344007942360e+05
2.780000000000000000e+04 -7.616997200861976307e+04 -1.024512600081076234e+05 -2.221833299480271526e+05 -2.221213421418593207e+05
2.790000000000000000e+04 -7.614586017816269305e+04 -1.022269376646070450e+05 -2.221935384495497856e+05 -2.221213498829325545e+05
2.800000000000000000e+04 -7.612200844951273757e+04 -1.019989255485539034e+05 -2.222029340412797173e+05 -2.221213576240114635e+05
2.810000000000000000e+04 -7.609840723569257534e+04 -1.017674568477499706e+05 -2.222114160934796091e+05 -2.221213653650936030e+05
2.820000000000000000e+04 -7.607504727519740118e+04 -1.015327924237305124e+05 -2.222188929058100330e+05 -2.221213731061765866e+05
2.830000000000000000e+04 -7.605191961588281265e+04 -1.012952199946966575e+05 -2.222252827125097392e+05 -2.221213808472580276e+05
2.840000000000000000e+04 -7.602901559967776120e+04 -1.010550528950519656e+05 -2.222305146175453847e+05 -2.221213885883355979e+05
2.850000000000000000e+04 -7.600632684807371697e+04 -1.008126284073499119e+05 -2.222345294476366835e+05 -2.221213963294069399e+05
2.860000000000000000e+04 -7.598384524834288459e+04 -1.005683056737357256e+05 -2.222372805104774889e+05 -2.221214040704700164e+05
2.870000000000000000e+04 -7.596156294044158130e+04 -1.003224632058748102e+05 -2.222387342451336153e+05 -2.221214118115226738e+05
2.880000000000000000e+04 -7.593947230455794488e+04 -1.000754960244294925e+05 -2.222388707515781862e+05 -2.221214195525630494e+05
2.890000000000000000e+04 -7.591756594926503021e+04 -9.982781247085401264e+04 -2.222376841866655159e+05 -2.221214272935893387e+05
2.900000000000000000e+04 -7.589583670024361345e+04 -9.957983074507782294e+04 -2.222351830146066786e+05 -2.221214350345999701e+05
2.910000000000000000e+04 -7.587427758954018645e+04 -9.933197523201727017e+04 -2.222313901012093702e+05 -2.221214427755935467e+05
2.920000000000000000e+04 -7.585288184532840387e+04 -9.908467268731292279e+04 -2.222263426428094390e+05 -2.221214505165690207e+05
2.930000000000000000e+04 -7.583164288214416592e+04 -9.883834835785005998e+04 -2.222200919229323044e+05 -2.221214582575252862e+05
2.940000000000000000e+04 -7.581055429156600439e+04 -9.859342211519314151e+04 -2.222127028922700847e+05 -2.221214659984616155e+05
2.950000000000000000e+04 -7.578960983331379248e+04 -9.835030467991088517e+04 -2.222042535704773618e+05 -2.221214737393777468e+05
2.960000000000000000e+04 -7.576880342674141866e+04 -9.810939401189170894e+04 -2.221948342715250037e+05 -2.221214814802732435e+05
2.970000000000000000e+04 -7.574812914269963221e+04 -9.787107193627585366e+04 -2.221845466578065243e+05 -2.221214892211482220e+05
2.980000000000000000e+04 -7.572758119574675220e+04 -9.763570106686967483e+04 -2.221735026317609590e+05 -2.221214969620030024e+05
2.990000000000000000e+04 -7.570715393668609613e+04 -9.740362207922074595e+04 -2.221618230773537653e+05 -2.221215047028381086e+05
3.000000000000000000e+04 -7.568684184541123977e+04 -9.717515137443416461e+04 -2.221496364671998599e+05 -2.221215124436542683e+05
3.010000000000000000e+04 -7.566663952403934672e+04 -9.695057916280586505e+04 -2.221370773543057439e+05 -2.221215201844525873e+05
3.020000000000000000e+04 -7.564654169031568745e+04 -9.673016798401289270e+04 -2.221242847702313156e+05 -2.221215279252341425e+05
3.030000000000000000e+04 -7.562654317127238028e+04 -9.651415166844801570e+04 -2.221114005538027268e+05 -2.221215356660004763e+05
3.040000000000000000e+04 -7.560663889712546370e+04 -9.630273473281975021e+04 -2.220985676362625090e+05 -2.221215434067531605e+05
3.050000000000000000e+04 -7.558682389539580618e+04 -9.609609219275097712e+04 -2.220859283098462620e+05 -2.221215511474939703e+05
3.060000000000000000e+04 -7.556709328523873410e+04 -9.589436976614376181e+04 -2.220736225071839581e+05 -2.221215588882250304e+05
3.070000000000000000e+04 -7.554744227197022701e+04 -9.569768443373047921e+04 -2.220617861186170485e+05 -2.221215666289482033e+05
3.080000000000000000e+04 -7.552786614177523006e+04 -9.550612531764744199e+04 -2.220505493735165510e+05 -2.221215743696658465e+05
3.090000000000000000e+04 -7.550836025658738799e+04 -9.531975483504455769e+04 -2.220400353100274224e+05 -2.221215821103803173e+05
3.100000000000000000e+04 -7.548892004912774428e+04 -9.513861008164627128e+04 -2.220303583554156357e+05 -2.221215898510938277e+05
3.110000000000000000e+04 -7.546954101809133135e+04 -9.496270439964973775e+04 -2.220216230364430812e+05 -2.221215975918087643e+05
3.120000000000000000e+04 -7.545021872347140743e+04 -9.479202908522228245e+04 -2.220139228360707057e+05 -2.221216053325276298e+05
3.130000000000000000e+04 -7.543094878201099345e+04 -9.462655519290694792e+04 -2.220073392093828006e+05 -2.221216130732527818e+05
3.140000000000000000e+04 -7.541172686277172761e+04 -9.446623539723364229e+04 -2.220019407680920267e+05 -2.221216208139866067e+05
3.150000000000000000e+04 -7.539254868281123345e+04 -9.431100587551592616e+04 -2.219977826394289150e+05 -2.221216285547315492e+05
3.160000000000000000e+04 -7.537341000295961567e+04 -9.416078817996852740e+04 -2.219949060017656302e+05 -2.221216362954895594e+05
3.170000000000000000e+04 -7.535430662368671619e+04 -9.401549107168625051e+04 -2.219933377960872022e+05 -2.221216440362629364e+05
3.180000000000000000e+04 -7.533523438105121022e+04 -9.387501229350143694e+04 -2.219930906094740203e+05 -2.221216517770534265e+05
3.190000000000000000e+04 -7.531618914272442635e+04 -9.373924026312731439e+04 -2.219941627241945243e+05 -2.221216595178629505e+05
3.200000000000000000e+04 -7.529716680407983949e+04 -9.360805567217362113e+04 -2.219965383238435898e+05 -2.221216672586931963e+05
3.210000000000000000e+04 -7.527816328434195020e+04 -9.348133298049570294e+04 -2.220001878462650639e+05 -2.221216749995455903e+05
3.220000000000000000e+04 -7.525917452278590645e+04 -9.335894179884420009e+04 -2.220050684717362165e+05 -2.221216827404210926e+05
3.230000000000000000e+04 -7.524019647498139238e+04 -9.324074815588125784e+04 -2.220111247340880800e+05 -2.221216904813210131e+05
3.240000000000000000e+04 -7.522122510907347896e+04 -9.312661564830236603e+04 -2.220182892420400458e+05 -2.221216982222461374e+05
3.250000000000000000e+04 -7.520225640209346602e+04 -9.301640647505653033e+04 -2.220264834979946318e+05 -2.221217059631968150e+05
3.260000000000000000e+04 -7.518328633629283286e+04 -9.290998235850060883e+04 -2.220356188018354296e+05 -2.221217137041733658e+05
3.270000000000000000e+04 -7.516431089549369062e+04 -9.280720535678758461e+04 -2.220455972278098925e+05 -2.221217214451758773e+05
3.280000000000000000e+04 -7.514532606144879537e+04 -9.270793857290620508e+04 -2.220563126633127686e+05 -2.221217291862040292e+05
3.290000000000000000e+04 -7.512632781020493712e+04 -9.261204676659377583e+04 -2.220676518992329657e+05 -2.221217369272576470e+05
3.300000000000000000e+04 -7.510731210846273461e+04 -9.251939687588115339e+04 -2.220794957624365343e+05 -2.221217446683355956e+05
3.310000000000000000e+04 -7.508827490992621460e+04 -9.242985845533163229e+04 -2.220917202818475780e+05 -2.221217524094373221e+05
3.320000000000000000e+04 -7.506921215163623856e+04 -9.234330403814798046e+04 -2.221041978804243554e+05 -2.221217601505613711e+05
3.330000000000000000e+04 -7.505011975028031156e+04 -9.225960942927405995e+04 -2.221167985860367771e+05 -2.221217678917064623e+05
3.340000000000000000e+04 -7.503099359847302549e+04 -9.217865393644651340e+04 -2.221293912548156804e+05 -2.221217756328709947e+05
3.350000000000000000e+04 -7.501182956099964213e+04 -9.210032054588217579e+04 -2.221418448009151616e+05 -2.221217833740532515e+05
3.360000000000000000e+04 -7.499262347101685009e+04 -9.202449604895025550e+04 -2.221540294267963618e+05 -2.221217911152513698e+05
3.370000000000000000e+04 -7.497337112620343396e+04 -9.195107112578695524e+04 -2.221658178480938659e+05 -2.221217988564631960e+05
3.380000000000000000e+04 -7.495406828485372534e+04 -9.187994039139365486e+04 -2.221770865068646381e+05 -2.221218065976865473e+05
3.390000000000000000e+04 -7.493471066190762212e+04 -9.181100240932237648e+04 -2.221877167665533489e+05 -2.221218143389192410e+05
3.400000000000000000e+04 -7.491529392490904138e+04 -9.174415967761487991e+04 -2.221975960813724378e+05 -2.221218220801587158e+05
3.410000000000000000e+04 -7.489581368988606846e+04 -9.167931859122845344e+04 -2.222066191320076177e+05 -2.221218298214028473e+05
3.420000000000000000e+04 -7.487626551714492962e+04 -9.161638938476142357e+04 -2.222146889186784101e+05 -2.221218375626491616e+05
3.430000000000000000e+04 -7.485664490697045403e+04 -9.155528605889182654e+04 -2.222217178016535181e+05 -2.221218453038950684e+05
3.440000000000000000e+04 -7.483694729522464331e+04 -9.149592629356213729e+04 -2.222276284783980518e+05 -2.221218530451383267e+05
3.450000000000000000e+04 -7.481716804883563600e+04 -9.143823135059252672e+04 -2.222323548856878770e+05 -2.221218607863766374e+05
3.460000000000000000e+04 -7.479730246116813214e+04 -9.138212596807502268e+04 -2.222358430143223377e+05 -2.221218685276078177e+05
3.470000000000000000e+04 -7.477734574726727442e+04 -9.132753824860329041e+04 -2.222380516235811228e+05 -2.221218762688295974e+05
3.480000000000000000e+04 -7.475729303896616329e+04 -9.127439954311701877e+04 -2.222389528423560550e+05 -2.221218840100399393e+05
3.490000000000000000e+04 -7.473713937984850782e+04 -9.122264433189446572e+04 -2.222385326440121571e+05 -2.221218917512372136e+05
3.500000000000000000e+04 -7.471687972005616757e+04 -9.117221010400156956e+04 -2.222367911825480987e+05 -2.221218994924196159e+05
3.510000000000000000e+04 -7.469650891093192331e+04 -9.112303723630870809e+04 -2.222337429785693821e+05 -2.221219072335856326e+05
3.520000000000000000e+04 -7.467602169948676601e+04 -9.107506887300836388e+04 -2.222294169449788751e+05 -2.221219149747340707e+05
3.530000000000000000e+04 -7.465541272268153261e+04 -9.102825080640890519e+04 -2.222238562441481918e+05 -2.221219227158637950e+05
3.540000000000000000e+04 -7.463467650151065027e+04 -9.098253135964421381e+04 -2.222171179706280818e+05 -2.221219304569739907e+05
3.550000000000000000e+04 -7.461380743487742438e+04 -9.093786127181531629e+04 -2.222092726561692543e+05 -2.221219381980641338e+05
3.560000000000000000e+04 -7.459279979324765736e+04 -9.089419358597687096e+04 -2.222004035968841054e+05 -2.221219459391337587e+05
3.570000000000000000e+04 -7.457164771206965088e+04 -9.085148354028802714e+04 -2.221906060057227151e+05 -2.221219536801828945e+05
3.580000000000000000e+04 -7.455034518494717486e+04 -9.080968846257172117e+04 -2.221799859969487297e+05 -2.221219614212116285e+05
3.590000000000000000e+04 -7.452888605655121501e+04 -9.076876766845400562e+04 -2.221686594128935540e+05 -2.221219691622203682e+05
3.600000000000000000e+04 -7.450726401525676192e+04 -9.072868236320246069e+04 -2.221567505067994935e+05 -2.221219769032096374e+05
3.610000000000000000e+04 -7.448547258548894024e+04 -9.068939554733128170e+04 -2.221443904989191215e+05 -2.221219846441805130e+05
3.620000000000000000e+04 -7.446350511976346024e+04 -9.065087192599887203e+04 -2.221317160260863020e+05 -2.221219923851341300e+05
3.630000000000000000e+04 -7.444135479040471546e+04 -9.061307782219313958e+04 -2.221188675076065701e+05 -2.221220001260716526e+05
3.640000000000000000e+04 -7.441901458092431130e+04 -9.057598109366671997e+04 -2.221059874524098122e+05 -2.221220078669946233e+05
3.650000000000000000e+04 -7.439647727704273711e+04 -9.053955105356575223e+04 -2.220932187338995282e+05 -2.221220156079048174e+05
3.660000000000000000e+04 -7.437373545733511855e+04 -9.050375839467380138e+04 -2.220807028597469034e+05 -2.221220233488041267e+05
3.670000000000000000e+04 -7.435078148348191462e+04 -9.046857511717996385e+04 -2.220685782639833924e+05 -2.221220310896945011e+05
3.680000000000000000e+04 -7.432760749010481231e+04 -9.043397445986774983e+04 -2.220569786481443152e+05 -2.221220388305781817e+05
3.690000000000000000e+04 -7.430420537416559819e+04 -9.039993083461259084e+04 -2.220460313969288254e+05 -2.221220465714574093e+05
3.700000000000000000e+04 -7.428056678390796878e+04 -9.036641976407040784e+04 -2.220358560919188312e+05 -2.221220543123344542e+05
3.710000000000000000e+04 -7.425668310731745441e+04 -9.033341782243471243e+04 -2.220265631444316241e+05 -2.221220620532117027e+05
3.720000000000000000e+04 -7.423254546007757017e+04 -9.030090257913766254e+04 -2.220182525656603393e+05 -2.221220697940915998e+05
3.730000000000000000e+04 -7.420814467299655371e+04 -9.026885254536932916e+04 -2.220110128889875195e+05 -2.221220775349766773e+05
3.740000000000000000e+04 -7.418347127887904935e+04 -9.023724712328948954e+04 -2.220049202558960533e+05 -2.221220852758691180e+05
3.750000000000000000e+04 -7.415851549881749088e+04 -9.020606655780729488e+04 -2.220000376733305166e+05 -2.221220930167713377e+05
3.760000000000000000e+04 -7.413326722787389008e+04 -9.017529189080643118e+04 -2.219964144468415470e+05 -2.221221007576855482e+05
3.770000000000000000e+04 -7.410771602012543008e+04 -9.014490491769535583e+04 -2.219940857904723962e+05 -2.221221084986139904e+05
3.780000000000000000e+04 -7.408185107304334815e+04 -9.011488814616484160e+04 -2.219930726112168632e+05 -2.221221162395586434e+05
3.790000000000000000e+04 -7.405566121117562579e+04 -9.008522475704045792e+04 -2.219933814630862616e+05 -2.221221239805214573e+05
3.800000000000000000e+04 -7.402913486910205393e+04 -9.005589856711792527e+04 -2.219950046634211030e+05 -2.221221317215039744e+05
3.810000000000000000e+04 -7.400226007362990640e+04 -9.002689399387597223e+04 -2.219979205621117726e+05 -2.221221394625080284e+05
3.820000000000000000e+04 -7.397502442519781471e+04 -8.999819602196426422e+04 -2.220020939528846648e+05 -2.221221472035346669e+05
3.830000000000000000e+04 -7.394741507845398155e+04 -8.996979017136686889e+04 -2.220074766147370392e+05 -2.221221549445851124e+05
3.840000000000000000e+04 -7.391941872197559860e+04 -8.994166246714828594e+04 -2.220140079709837155e+05 -2.221221626856602961e+05
3.850000000000000000e+04 -7.389102155709473300e+04 -8.991379941069021879e+04 -2.220216158531340188e+05 -2.221221704267609166e+05
3.860000000000000000e+04 -7.386220927579567069e+04 -8.988618795233333367e+04 -2.220302173569384613e+05 -2.221221781678873813e+05
3.870000000000000000e+04 -7.383296703765011625e+04 -8.985881546534124936e+04 -2.220397197783460724e+05 -2.221221859090397193e+05
3.880000000000000000e+04 -7.380327944575437868e+04 -8.983166972110762435e+04 -2.220500216177428956e+05 -2.221221936502178723e+05
3.890000000000000000e+04 -7.377313052163514658e+04 -8.980473886553164630e+04 -2.220610136416354508e+05 -2.221222013914216950e+05
3.900000000000000000e+04 -7.374250367908971384e+04 -8.977801139648962999e+04 -2.220725799918209668e+05 -2.221222091326504305e+05
3.910000000000000000e+04 -7.371138169692823431e+04 -8.975147614233508648e+04 -2.220845993329935591e+05 -2.221222168739032059e+05
3.920000000000000000e+04 -7.367974669058676227e+04 -8.972512224136176519e+04 -2.220969460306139372e+05 -2.221222246151790605e+05
3.930000000000000000e+04 -7.364758008258172777e+04 -8.969893912216807075e+04 -2.221094913516524248e+05 -2.221222323564767721e+05
3.940000000000000000e+04 -7.361486257177873631e+04 -8.967291648486384656e+04 -2.221221046814708097e+05 -2.221222400977947982e+05
3.950000000000000000e+04 -7.358157410145213362e+04 -8.964704428306339832e+04 -2.221346547505937924e+05 -2.221222478391314507e+05
3.960000000000000000e+04 -7.354769382611474430e+04 -8.962131270661114831e+04 -2.221470108654052310e+05 -2.221222555804848962e+05
3.970000000000000000e+04 -7.351320007710244681e+04 -8.959571216498936701e+04 -2.221590441368884349e+05 -2.221222633218532137e+05
3.980000000000000000e+04 -7.347807032690341293e+04 -8.957023327135879663e+04 -2.221706287013819965e+05 -2.221222710632342205e+05
3.990000000000000000e+04 -7.344228115222811175e+04 -8.954486682718654629e+04 -2.221816429269830405e+05 -2.221222788046256464e+05
4.000000000000000000e+04 -7.340580819582461845e+04 -8.951960380741640984e+04 -2.221919705986813351e+05 -2.221222865460252797e+05
4.010000000000000000e+04 -7.336862612705213542e+04 -8.949443534613971133e+04 -2.222015020746077644e+05 -2.221222942874307046e+05
4.020000000000000000e+04 -7.333070860123587772e+04 -8.946935272272584552e+04 -2.222101354049462243e+05 -2.221223020288395928e+05
4.030000000000000000e+04 -7.329202821784012485e+04 -8.944434734837400902e+04 -2.222177774041501398e+05 -2.221223097702493251e+05
4.040000000000000000e+04 -7.325255647750881326e+04 -8.941941075304898550e+04 -2.222243446661691996e+05 -2.221223175116577477e+05
4.050000000000000000e+04 -7.321226373803992465e+04 -8.939453457276480913e+04 -2.222297645114979241e+05 -2.221223252530622703e+05
4.060000000000000000e+04 -7.317111916937853675e+04 -8.936971053718269104e+04 -2.222339758540610783e+05 -2.221223329944607976e+05
4.070000000000000000e+04 -7.312909070773462008e+04 -8.934493045748891018e+04 -2.222369299753373780e+05 -2.221223407358511467e+05
4.080000000000000000e+04 -7.308614500895465608e+04 -8.932018621452203661e+04 -2.222385911927362613e+05 -2.221223484772311058e+05
4.090000000000000000e+04 -7.304224740130595455e+04 -8.929546974711731309e+04 -2.222389374091652571e+05 -2.221223562185989285e+05
4.100000000000000000e+04 -7.299736183785933827e+04 -8.927077304063877091e+04 -2.222379605310137558e+05 -2.221223639599526650e+05
4.110000000000000000e+04 -7.295145084869403217e+04 -8.924608811566997610e+04 -2.222356667424606276e+05 -2.221223717012907728e+05
4.120000000000000000e+04 -7.290447549318523670e+04 -8.922140701683436055e+04 -2.222320766251532186e+05 -2.221223794426120294e+05
4.130000000000000000e+04 -7.285639531267811253e+04 -8.919672180171804212e+04 -2.222272251138850988e+05 -2.221223871839150670e+05
4.140000000000000000e+04 -7.280716828390078444e+04 -8.917202452986774733e+04 -2.222211612809509970e+05 -2.221223949251989834e+05
4.150000000000000000e+04 -7.275675077352083463e+04 -8.914730725183674076e+04 -2.222139479443303426e+05 -2.221224026664630801e+05
4.160000000000000000e+04 -7.270509749431097589e+04 -8.912256199825370277e+04 -2.222056610977182572e+05 -2.221224104077068041e+05
4.170000000000000000e+04 -7.265216146345029119e+04 -8.909778076888735814e+04 -2.221963891636135813e+05 -2.221224181489300972e+05
4.180000000000000000e+04 -7.259789396356299403e+04 -8.907295552168239374e+04 -2.221862320740981377e+05 -2.221224258901328431e+05
4.190000000000000000e+04 -7.254224450717087893e+04 -8.904807816174121399e+04 -2.221753001875024638e+05 -2.221224336313153326e+05
4.200000000000000000e+04 -7.248516080532027991e+04 -8.902314053022617009e+04 -2.221637130527372647e+05 -2.221224413724781189e+05
4.210000000000000000e+04 -7.242658874123732676e+04 -8.899813439315780124e+04 -2.221515980365407013e+05 -2.221224491136219585e+05
4.220000000000000000e+04 -7.236647234995922190e+04 -8.897305143008392770e+04 -2.221390888321378443e+05 -2.221224568547477829e+05
4.230000000000000000e+04 -7.230475380499803578e+04 -8.894788322259594861e+04 -2.221263238706894044e+05 -2.221224645958567271e+05
4.240000000000000000e+04 -7.224137341320143605e+04 -8.892262124266578758e+04 -2.221134446593326575e+05 -2.221224723369505664e+05
4.250000000000000000e+04 -7.217626961909241800e+04 -8.889725684078090126e+04 -2.221005940714601602e+05 -2.221224800780305814e+05
4.260000000000000000e+04 -7.210937902009241225e+04 -8.887178123385128856e+04 -2.220879146161001117e+05 -2.221224878190987511e+05
4.270000000000000000e+04 -7.204063639415902435e+04 -8.884618549286437337e+04 -2.220755467137757805e+05 -2.221224955601569382e+05
4.280000000000000000e+04 -7.196997474149650952e+04 -8.882046053026270238e+04 -2.220636270060334937e+05 -2.221225033012073254e+05
4.290000000000000000e+04 -7.189732534212959581e+04 -8.879459708702015632e+04 -2.220522867249276896e+05 -2.221225110422519501e+05
4.300000000000000000e+04 -7.182261783125827787e+04 -8.876858571939106332e+04 -2.220416501471945085e+05 -2.221225187832931697e+05
4.310000000000000000e+04 -7.174578029443642299e+04 -8.874241678530788340e+04 -2.220318331556796620e+05 -2.221225265243335161e+05
4.320000000000000000e+04 -7.166673938473500311e+04 -8.871608043040234770e+04 -2.220229419279169524e+05 -2.221225342653751140e+05
4.330000000000000000e+04 -7.158542046415482764e+04 -8.868956657362548867e+04 -2.220150717686673452e+05 -2.221225420064205537e+05
4.340000000000000000e+04 -7.150174777164595434e+04 -8.866286489244105178e+04 -2.220083060998687288e+05 -2.221225497474721633e+05
4.350000000000000000e+04 -7.141564462015707977e+04 -8.863596480756880192e+04 -2.220027156179221347e+05 -2.221225574885324750e+05
4.360000000000000000e+04 -7.132703362517913047e+04 -8.860885546725262247e+04 -2.219983576246730518e+05 -2.221225652296034677e+05
4.370000000000000000e+04 -7.123583696725421760e+04 -8.858152573102930910e+04 -2.219952755349791842e+05 -2.221225729706876446e+05
4.380000000000000000e+04 -7.114197669088255498e+04 -8.855396415297553176e+04 -2.219934985604694812e+05 -2.221225807117870136e+05
4.390000000000000000e+04 -7.104537504217326932e+04 -8.852615896440944925e+04 -2.219930415661080333e+05 -2.221225884529034956e+05
4.400000000000000000e+04 -7.094595484743727138e+04 -8.849809805602450797e+04 -2.219939050935351988e+05 -2.221225961940388952e+05
4.410000000000000000e+04 -7.084363993470292189e+04 -8.846976895943633281e+04 -2.219960755429412820e+05 -2.221226039351949585e+05
4.420000000000000000e+04 -7.073835559983903659e+04 -8.844115882812096970e+04 -2.219995255034450383e+05 -2.221226116763729078e+05
4.430000000000000000e+04 -7.063002911858519656e+04 -8.841225441772799240e+04 -2.220042142206284916e+05 -2.221226194175742567e+05
4.440000000000000000e+04 -7.051859030530527525e+04 -8.838304206575172429e+04 -2.220100881890001474e+05 -2.221226271587998199e+05
4.450000000000000000e+04 -7.040397211869325838e+04 -8.835350767054704193e+04 -2.220170818566992821e+05 -2.221226349000504997e+05
4.460000000000000000e+04 -7.028611131395457778e+04 -8.832363666967881727e+04 -2.220251184296735446e+05 -2.221226426413267327e+05
4.470000000000000000e+04 -7.016494914016978873e+04 -8.829341401759671862e+04 -2.220341107628040190e+05 -2.221226503826288390e+05
4.480000000000000000e+04 -7.004043208060390316e+04 -8.826282416263216874e+04 -2.220439623259618529e+05 -2.221226581239570514e+05
4.490000000000000000e+04 -6.991251263266951719e+04 -8.823185102331712551e+04 -2.220545682336844329e+05 -2.221226658653109043e+05
4.500000000000000000e+04 -6.978115012307524739e+04 -8.820047796403085522e+04 -2.220658163279960863e+05 -2.221226736066899321e+05
4.510000000000000000e+04 -6.964631155242369277e+04 -8.816868776998559770e+04 -2.220775883047990210e+05 -2.221226813480936398e+05
4.520000000000000000e+04 -6.950797246215783525e+04 -8.813646262156902230e+04 -2.220897608751584194e+05 -2.221226890895210672e+05
4.530000000000000000e+04 -6.936611781533889007e+04 -8.810378406807109423e+04 -2.221022069536545605e+05 -2.221226968309708172e+05
4.540000000000000000e+04 -6.922074288128018088e+04 -8.807063300082767091e+04 -2.221147968667036039e+05 -2.221227045724417258e+05
4.550000000000000000e+04 -6.907185411261742411e+04 -8.803698962582797685e+04 -2.221273995743394480e+05 -2.221227123139322503e+05
4.560000000000000000e+04 -6.891947000199234753e+04 -8.800283343584026443e+04 -2.221398838993542013e+05 -2.221227200554406445e+05
4.570000000000000000e+04 -6.876362190422756248e+04 -8.796814318212641228e+04 -2.221521197578911087e+05 -2.221227277969646966e+05
4.580000000000000000e+04 -6.860435480872880726e+04 -8.793289684582724294e+04 -2.221639793855758908e+05 -2.221227355385027477e+05
4.590000000000000000e+04 -6.844172804591945896e+04 -8.789707160911938990e+04 -2.221753385530384257e+05 -2.221227432800524984e+05
4.600000000000000000e+04 -6.827581591086756089e+04 -8.786064382626132283e+04 -2.221860777642476896e+05 -2.221227510216114460e+05
4.610000000000000000e+04 -6.810670818695638445e+04 -8.782358899466515868e+04 -2.221960834304685704e+05 -2.221227587631776696e+05
4.620000000000000000e+04 -6.793451055254388484e+04 -8.778588172615609074e+04 -2.222052490118829592e+05 -2.221227665047484334e+05
4.630000000000000000e+04 -6.775934485410165507e+04 -8.774749571860337164e+04 -2.222134761180544738e+05 -2.221227742463213799e+05
4.640000000000000000e+04 -6.758134923036323744e+04 -8.770840372813513386e+04 -2.222206755574758863e+05 -2.221227819878941227e+05
4.650000000000000000e+04 -6.740067807357067068e+04 -8.766857754217932234e+04 -2.222267683255277225e+05 -2.221227897294643335e+05
4.660000000000000000e+04 -6.721750181600035285e+04 -8.762798795360643999e+04 -2.222316865193036210e+05 -2.221227974710297422e+05
4.670000000000000000e+04 -6.703200653256013175e+04 -8.758660473628366890e+04 -2.222353741670369054e+05 -2.221228052125879913e+05
4.680000000000000000e+04 -6.684439335334481439e+04 -8.754439662239205791e+04 -2.222377879593309481e+05 -2.221228129541371018e+05
4.690000000000000000e+04 -6.665487768356768356e+04 -8.750133128189631680e+04 -2.222388978691403463e+05 -2.221228206956748327e+05
4.700000000000000000e+04 -6.646368823215503653e+04 -8.745737530460796552e+04 -2.222386876475085155e+05 -2.221228284371994960e+05
4.710000000000000000e+04 -6.627106585441240168e+04 -8.741249418532424897e+04 -2.222371551825282513e+05 -2.221228361787094036e+05
4.720000000000000000e+04 -6.607726221840485232e+04 -8.736665231258296990e+04 -2.222343127098537225e+05 -2.221228439202030131e+05
4.730000000000000000e+04 -6.588253830891793768e+04 -8.731981296162521176e+04 -2.222301868644194328e+05 -2.221228516616790439e+05
4.740000000000000000e+04 -6.568716278691716434e+04 -8.727193829221566557e+04 -2.222248185648053186e+05 -2.221228594031365064e+05
4.750000000000000000e+04 -6.549141022616784176e+04 -8.722298935203161091e+04 -2.222182627239122521e+05 -2.221228671445744694e+05
4.760000000000000000e+04 -6.529555925195778400e+04 -8.717292608639238460e+04 -2.222105877822629409e+05 -2.221228748859922052e+05
4.770000000000000000e+04 -6.509989060955899913e+04 -8.712170735516557761e+04 -2.222018750632568554e+05 -2.221228826273896557e+05
4.780000000000000000e+04 -6.490468519205757184e+04 -8.706929095775065070e+04 -2.221922179530007124e+05 -2.221228903687666461e+05
4.790000000000000000e+04 -6.471022205838828086e+04 -8.701563366710291302e+04 -2.221817209108409297e+05 -2.221228981101230020e+05
4.800000000000000000e+04 -6.451677647278166842e+04 -8.696069127382620354e+04 -2.221704983203070587e+05 -2.221229058514593926e+05
4.810000000000000000e+04 -6.432461799634576164e+04 -8.690441864141788392e+04 -2.221586731937208679e+05 -2.221229135927764873e+05
4.820000000000000000e+04 -6.413400866018213128e+04 -8.684676977381025790e+04 -2.221463757471256831e+05 -2.221229213340750139e+05
4.830000000000000000e+04 -6.394520124732903787e+04 -8.678769789639487863e+04 -2.221337418652951892e+05 -2.221229290753560490e+05
4.840000000000000000e+04 -6.375843770801564824e+04 -8.672715555176060298e+04 -2.221209114792792243e+05 -2.221229368166209606e+05
4.850000000000000000e+04 -6.357394772931627085e+04 -8.666509471140222740e+04 -2.221080268811411224e+05 -2.221229445578713494e+05
4.860000000000000000e+04 -6.339194747644211020e+04 -8.660146690467020380e+04 -2.220952310021260637e+05 -2.221229522991090489e+05
4.870000000000000000e+04 -6.321263851874583634e+04 -8.653622336623081355e+04 -2.220826656814256567e+05 -2.221229600403355143e+05
4.880000000000000000e+04 -6.303620694919587550e+04 -8.646931520327736507e+04 -2.220704699529239151e+05 -2.221229677815529867e+05
4.890000000000000000e+04 -6.286282270175022131e+04 -8.640069358368925168e+04 -2.220587783768202935e+05 -2.221229755227637652e+05
4.900000000000000000e+04 -6.269263906686389237e+04 -8.633030994625308085e+04 -2.220477194418397848e+05 -2.221229832639698288e+05
4.910000000000000000e+04 -6.252579240143259813e+04 -8.625811623395099014e+04 -2.220374140619219397e+05 -2.221229910051737097e+05
4.920000000000000000e+04 -6.236240202590073750e+04 -8.618406515117504750e+04 -2.220279741888835269e+05 -2.221229987463777652e+05
4.930000000000000000e+04 -6.220257029814476118e+04 -8.610811044553437387e+04 -2.220195015596989251e+05 -2.221230064875843818e+05
4.940000000000000000e+04 -6.204638285112788435e+04 -8.603020721469036653e+04 -2.220120865938234201e+05 -2.221230142287958879e+05
4.950000000000000000e+04 -6.189390897924952878e+04 -8.595031223837190191e+04 -2.220058074525337433e+05 -2.221230219700146990e+05
4.960000000000000000e+04 -6.174520215679481771e+04 -8.586838433538797835e+04 -2.220007292687139998e+05 -2.221230297112432308e+05
4.970000000000000000e+04 -6.160030067090943339e+04 -8.578438474506906641e+04 -2.219969035519678728e+05 -2.221230374524836370e+05
4.980000000000000000e+04 -6.145922835105730337e+04 -8.569827753212604148e+04 -2.219943677705342998e+05 -2.221230451937381004e+05
4.990000000000000000e+04 -6.132199537692174636e+04 -8.561003001342197240e+04 -2.219931451083178399e+05 -2.221230529350087745e+05
5.000000000000000000e+04 -6.118859914712061436e+04 -8.551961320460212301e+04 -2.219932443924841646e+05 -2.221230606762974639e+05
5.010000000000000000e+04 -6.105902519187178405e+04 -8.542700228393774887e+04 -2.219946601846123522e+05 -2.221230684176058567e+05
5.020000000000000000e+04 -6.093324811379483435e+04 -8.533217707010227605e+04 -2.219973730263498437e+05 -2.221230761589356407e+05
5.030000000000000000e+04 -6.081123254229929444e+04 -8.523512250993167982e+04 -2.220013498289341806e+05 -2.221230839002880966e+05
5.040000000000000000e+04 -6.069293408843654470e+04 -8.513582917153791641e+04 -2.220065443948097527e+05 -2.221230916416643013e+05
5.050000000000000000e+04 -6.057830028860860330e+04 -8.503429373745049816e+04 -2.220128980588664999e+05 -2.221230993830651860e+05
5.060000000000000000e+04 -6.046727152708893846e+04 -8.493051949178391078e+04 -2.220203404365401948e+05 -2.221231071244914201e+05
5.070000000000000000e+04 -6.035978192886936449e+04 -8.482451679478235019e+04 -2.220287902660701948e+05 -2.221231148659433238e+05
5.080000000000000000e+04 -6.025576021586063143e+04 -8.471630353750199720e+04 -2.220381563325733005e+05 -2.221231226074213046e+05
5.090000000000000000e+04 -6.015513052091756981e+04 -8.460590556887978164e+04 -2.220483384621978330e+05 -2.221231303489250422e+05
5.100000000000000000e+04 -6.005781315550244472e+04 -8.449335708703273849e+04 -2.220592285753808974e+05 -2.221231380904544494e+05
5.110000000000000000e+04 -5.996372532803209469e+04 -8.437870098635558679e+04 -2.220707117891129747e+05 -2.221231458320087113e+05
5.120000000000000000e+04 -5.987278181105823023e+04 -8.426198915187249077e+04 -2.220826675590144005e+05 -2.221231535735872458e+05
5.130000000000000000e+04 -5.978489555640568869e+04 -8.414328269235999323e+04 -2.220949708529166819e+05 -2.221231613151889469e+05
5.140000000000000000e+04 -5.969997825823841413e+04 -8.402265210403026140e+04 -2.221074933484412904e+05 -2.221231690568124759e+05
5.150000000000000000e+04 -5.961794086473865900e+04 -8.390017735705232190e+04 -2.221201046477487253e+05 -2.221231767984563776e+05
5.160000000000000000e+04 -5.953869403967828839e+04 -8.377594789790613868e+04 -2.221326735031436547e+05 -2.221231845401189639e+05
5.170000000000000000e+04 -5.946214857564372505e+04 -8.365006256152196147e+04 -2.221450690475416195e+05 -2.221231922817985760e+05
5.180000000000000000e+04 -5.938821576104874111e+04 -8.352262938834173838e+04 -2.221571620239144831e+05 -2.221232000234929728e+05
5.190000000000000000e+04 -5.931680770335150009e+04 -8.339376534284181253e+04 -2.221688260077274172e+05 -2.221232077652002918e+05
5.200000000000000000e+04 -5.924783761109222542e+04 -8.326359593165827391e+04 -2.221799386160635622e+05 -2.221232155069181754e+05
5.210000000000000000e+04 -5.918122003748724819e+04 -8.313225472121693019e+04 -2.221903826966217603e+05 -2.221232232486441790e+05
5.220000000000000000e+04 -5.911687108838350105e+04 -8.299988275665865513e+04 -2.222000474890871265e+05 -2.221232309903762070e+05
5.230000000000000000e+04 -5.905470859738229046e+04 -8.286662788581101631e+04 -2.222088297505666851e+05 -2.221232387321117567e+05
5.240000000000000000e+04 -5.899465227090974076e+04 -8.273264399393810891e+04 -2.222166348358765536e+05 -2.221232464738483832e+05
5.250000000000000000e+04 -5.893662380594223214e+04 -8.259809015694046684e+04 -2.222233777225337690e+05 -2.221232542155835836e+05
5.260000000000000000e+04 -5.888054698299750453e+04 -8.246312972251522297e+04 -2.222289839694004913e+05 -2.221232619573152042e+05
5.270000000000000000e+04 -5.882634773688600399e+04 -8.232792933046107646e+04 -2.222333905971131462e+05 -2.221232696990408585e+05
5.280000000000000000e+04 -5.877395420758391265e+04 -8.219265788476483431e+04 -2.222365468777819187e+05 -2.221232774407583929e+05
5.290000000000000000e+04 -5.872329677344649099e+04 -8.205748549128482409e+04 -2.222384150210146327e+05 -2.221232851824656245e+05
