0.000000000000000000e+00 0.000000000000000000e+00 0.000000000000000000e+00 0.000000000000000000e+00
0.000000000000000000e+00 6.008746713011048346e-03 9.001246717932917182e-03 2.993746722854788867e-03
1.000000000000000021e-02 1.190605872732741592e-02 1.782355861702356742e-02 5.921283910453864485e-03
2.000000000000000042e-02 1.769415883804788259e-02 2.647021052363581275e-02 8.783781828858475832e-03
2.999999999999999889e-02 2.337522592054429998e-02 3.494441736596429898e-02 1.158239123294940373e-02
4.000000000000000083e-02 2.895139576519637631e-02 4.324933518367966856e-02 1.431824372051842750e-02
5.000000000000000278e-02 3.442476189710586693e-02 5.138806212510772797e-02 1.699245207789088982e-02
6.000000000000000472e-02 3.979737638100911551e-02 5.936363943190224590e-02 1.960611061738218308e-02
7.000000000000000666e-02 4.507125061160822954e-02 6.717905241118082849e-02 2.216029550687654420e-02
8.000000000000000167e-02 5.024835608954192345e-02 7.483723139510260747e-02 2.465606509180265707e-02
8.999999999999999667e-02 5.533062518321756051e-02 8.234105268787543508e-02 2.709446020976761030e-02
9.999999999999999167e-02 6.031995187672591074e-02 8.969333950018920643e-02 2.947650449809832013e-02
1.099999999999999867e-01 6.521819250405984369e-02 9.689686287107993068e-02 3.180320469452789511e-02
1.199999999999999817e-01 7.002716646985766846e-02 1.039543425772374713e-01 3.407555093125336221e-02
1.299999999999999767e-01 7.474865695689071610e-02 1.108684480297773972e-01 3.629451702258062323e-02
1.399999999999999856e-01 7.938441162051396160e-02 1.176417991585048117e-01 3.846106074636275463e-02
1.499999999999999944e-01 8.393614327029684519e-02 1.242769672837049227e-01 4.057612411942820851e-02
1.600000000000000033e-01 8.840553053904991188e-02 1.307764759755020434e-01 4.264063366718676834e-02
1.700000000000000122e-01 9.279421853946137611e-02 1.371428019008347210e-01 4.465550068759257391e-02
1.800000000000000211e-01 9.710381950855544175e-02 1.433783756581011315e-01 4.662162150963568980e-02
1.900000000000000300e-01 1.013359134401825151e-01 1.494855825995344556e-01 4.853987774652612774e-02
2.000000000000000389e-01 1.054920487057489781e-01 1.554667636413732124e-01 5.041113654372707947e-02
2.100000000000000477e-01 1.095737426633920375e-01 1.613242160618970633e-01 5.223625082198740666e-02
2.200000000000000566e-01 1.135824822558027525e-01 1.670601942874032353e-01 5.401605951551708557e-02
2.300000000000000655e-01 1.175197245968977733e-01 1.726769106662033038e-01 5.575138780544315609e-02
2.400000000000000744e-01 1.213868975475379947e-01 1.781765362307243805e-01 5.744304734867813206e-02
2.500000000000000555e-01 1.251854002804893007e-01 1.835612014478028853e-01 5.909183650232723017e-02
2.600000000000000644e-01 1.289166038348184273e-01 1.888329969572629941e-01 6.069854054375583424e-02
2.700000000000000733e-01 1.325818516599137908e-01 1.939939742988749383e-01 6.226393188643355309e-02
2.800000000000000822e-01 1.361824601493186460e-01 1.990461466277922420e-01 6.378877029166669932e-02
2.900000000000000910e-01 1.397197191645610237e-01 2.039914894185696215e-01 6.527380307632664469e-02
3.000000000000000999e-01 1.431948925491623170e-01 2.088319411578662688e-01 6.671976531667729582e-02
3.100000000000001088e-01 1.466092186330032743e-01 2.135694040259419335e-01 6.812738004840102057e-02
3.200000000000001177e-01 1.499639107272235095e-01 2.182057445670555207e-01 6.949735846291860142e-02
3.300000000000001266e-01 1.532601576098279184e-01 2.227427943488783646e-01 7.083040010009523935e-02
3.400000000000001354e-01 1.564991240021702534e-01 2.271823506110359769e-01 7.212719303742121113e-02
3.500000000000001443e-01 1.596819510364817507e-01 2.315261769028943428e-01 7.338841407575266707e-02
3.600000000000001532e-01 1.628097567146093438e-01 2.357760037107083095e-01 7.461472892169486448e-02
3.700000000000001621e-01 1.658836363581258633e-01 2.399335290742510840e-01 7.580679236670737065e-02
3.800000000000001710e-01 1.689046630499712598e-01 2.440004191930451871e-01 7.696524846300793754e-02
3.900000000000001799e-01 1.718738880677815328e-01 2.479783090223166009e-01 7.809073069634905884e-02
4.000000000000001887e-01 1.747923413090590739e-01 2.518688028587944272e-01 7.918386215573880449e-02
4.100000000000001976e-01 1.776610317083356649e-01 2.556734749164800147e-01 8.024525570017521092e-02
4.200000000000002065e-01 1.804809476464765139e-01 2.593938698925090658e-01 8.127551412246096507e-02
4.300000000000002154e-01 1.832530573522711537e-01 2.630315035232325127e-01 8.227523031016326094e-02
4.400000000000002243e-01 1.859783092964544249e-01 2.665878631306404234e-01 8.324498740378138972e-02
4.500000000000002331e-01 1.886576325782981789e-01 2.700644081592556978e-01 8.418535895218290377e-02
4.600000000000002420e-01 1.912919373049116467e-01 2.734625707036227871e-01 8.509690906536697408e-02
4.700000000000002509e-01 1.938821149633862262e-01 2.767837560265179464e-01 8.598019256461206239e-02
4.800000000000002598e-01 1.964290387859176645e-01 2.800293430680070306e-01 8.683575513006319690e-02
4.900000000000002687e-01 1.989335641080363093e-01 2.832006849454768993e-01 8.766413344581237832e-02
5.000000000000002220e-01 2.013965287200736587e-01 2.862991094447668861e-01 8.846585534252424110e-02
5.100000000000002309e-01 2.038187532119910828e-01 2.893259195025253416e-01 8.924143993765754068e-02
5.200000000000002398e-01 2.062010413116943108e-01 2.922823936799175404e-01 8.999139777333141355e-02
5.300000000000002487e-01 2.085441802169549219e-01 2.951697866278093496e-01 9.071623095188426078e-02
5.400000000000002576e-01 2.108489409210577425e-01 2.979893295435517286e-01 9.141643326917157919e-02
5.500000000000002665e-01 2.131160785322910589e-01 3.007422306194899031e-01 9.209249034564770398e-02
5.600000000000002753e-01 2.153463325873941903e-01 3.034296754833208376e-01 9.274487975527553885e-02
5.700000000000002842e-01 2.175404273590748061e-01 3.060528276304219086e-01 9.337407115230676735e-02
5.800000000000002931e-01 2.196990721577065653e-01 3.086128288482727355e-01 9.398052639597422042e-02
5.900000000000003020e-01 2.218229616273150184e-01 3.111107996330916836e-01 9.456469967313672897e-02
6.000000000000003109e-01 2.239127760359583830e-01 3.135478395988076650e-01 9.512703761891598553e-02
6.100000000000003197e-01 2.259691815606071075e-01 3.159250278784866417e-01 9.566797943536375914e-02
6.200000000000003286e-01 2.279928305666248656e-01 3.182434235183321247e-01 9.618795700819686434e-02
6.300000000000003375e-01 2.299843618819509550e-01 3.205040658643768525e-01 9.668739502163636867e-02
6.400000000000003464e-01 2.319444010660831057e-01 3.227079749419831112e-01 9.716671107138670493e-02
6.500000000000003553e-01 2.338735606739567041e-01 3.248561518282674365e-01 9.762631577578922970e-02
6.600000000000003642e-01 2.357724405148159119e-01 3.269495790175638850e-01 9.806661288518424280e-02
6.700000000000003730e-01 2.376416279061691339e-01 3.289892207800405588e-01 9.848799938951439958e-02
6.800000000000003819e-01 2.394816979229205389e-01 3.309760235135811857e-01 9.889086562420186521e-02
6.900000000000003908e-01 2.412932136417669515e-01 3.329109160890435515e-01 9.927559537433064407e-02
7.000000000000003997e-01 2.430767263809482104e-01 3.347948101890051431e-01 9.964256597716489305e-02
7.100000000000004086e-01 2.448327759354369526e-01 3.366286006401049691e-01 9.999214842303322248e-02
7.200000000000004174e-01 2.465618908076527838e-01 3.384131657390894721e-01 1.003247074546083500e-01
7.300000000000004263e-01 2.482645884337835451e-01 3.401493675726695587e-01 1.006406016646109181e-01
7.400000000000004352e-01 2.499413754057954185e-01 3.418380523312938291e-01 1.009401835919653129e-01
7.500000000000004441e-01 2.515927476892115822e-01 3.434800506169425338e-01 1.012237998164351033e-01
7.600000000000004530e-01 2.532191908367381061e-01 3.450761777450450651e-01 1.014917910517647709e-01
7.700000000000004619e-01 2.548211801978138014e-01 3.466272340406231223e-01 1.017444922373540867e-01
7.800000000000004707e-01 2.563991811241598806e-01 3.481340051287591941e-01 1.019822326284906822e-01
7.900000000000004796e-01 2.579536491714031765e-01 3.495972622194905566e-01 1.022053358851658933e-01
8.000000000000004885e-01 2.594850302968462197e-01 3.510177623872259844e-01 1.024141201594985784e-01
8.100000000000004974e-01 2.609937610534547314e-01 3.523962488447820451e-01 1.026088981817908224e-01
8.200000000000005063e-01 2.624802687801336964e-01 3.537334512121341201e-01 1.027899773452390642e-01
8.300000000000005151e-01 2.639449717883597391e-01 3.550300857799766341e-01 1.029576597893236967e-01
8.400000000000005240e-01 2.653882795452377485e-01 3.562868557681846404e-01 1.031122424818997491e-01
8.500000000000005329e-01 2.668105928530483117e-01 3.575044515792688005e-01 1.032540173000106032e-01
8.600000000000005418e-01 2.682123040253500124e-01 3.586835510469132404e-01 1.033832711094465062e-01
8.700000000000005507e-01 2.695937970597014899e-01 3.598248196796860476e-01 1.035002858430689593e-01
8.800000000000005596e-01 2.709554478070651529e-01 3.609289109000090034e-01 1.036053385779217850e-01
8.900000000000005684e-01 2.722976241379539419e-01 3.619964662784736498e-01 1.036987016111492327e-01
9.000000000000005773e-01 2.736206861053821493e-01 3.630281157635883993e-01 1.037806425347409939e-01
9.100000000000005862e-01 2.749249861046786370e-01 3.640244779070403447e-01 1.038514243091236550e-01
9.200000000000005951e-01 2.762108690302212399e-01 3.649861600845544229e-01 1.039113053356177790e-01
9.300000000000006040e-01 2.774786724291490314e-01 3.659137587124313140e-01 1.039605395277793248e-01
9.400000000000006128e-01 2.787287266521084605e-01 3.668078594598436770e-01 1.039993763816438044e-01
9.500000000000006217e-01 2.799613550010884300e-01 3.676690374569696607e-01 1.040280610448912763e-01
9.600000000000006306e-01 2.811768738743982698e-01 3.684978574990415146e-01 1.040468343849497157e-01
9.700000000000006395e-01 2.823755929088413996e-01 3.692948742463849632e-01 1.040559330560542478e-01
9.800000000000006484e-01 2.835578151191368024e-01 3.700606324205249487e-01 1.040555895652791746e-01
9.900000000000006573e-01 2.847238370346392711e-01 3.707956669964314056e-01 1.040460323375595048e-01
1.000000000000000666e+00 2.858739488334086087e-01 3.715005033909776766e-01 1.040274857797182789e-01
1.010000000000000675e+00 2.870084344736767989e-01 3.721756576476830669e-01 1.040001703435158992e-01
1.020000000000000684e+00 2.881275718227615523e-01 3.728216366178102037e-01 1.039643025877370064e-01
1.030000000000000693e+00 2.892316327834736356e-01 3.734389381378858119e-01 1.039200952393305732e-01
1.040000000000000702e+00 2.903208834180643350e-01 3.740280512037131855e-01 1.038677572536181870e-01
1.050000000000000711e+00 2.913955840697589061e-01 3.745894561409433554e-01 1.038074938735855518e-01
1.060000000000000719e+00 2.924559894819209194e-01 3.751236247722706252e-01 1.037395066882717681e-01
1.070000000000000728e+00 2.935023489148911868e-01 3.756310205813165881e-01 1.036639936902706699e-01
1.080000000000000737e+00 2.945349062605448487e-01 3.761120988732671311e-01 1.035811493323584298e-01
1.090000000000000746e+00 2.955539001546088618e-01 3.765673069323240418e-01 1.034911645832610888e-01
1.100000000000000755e+00 2.965595640867816352e-01 3.769970841760328373e-01 1.033942269825757765e-01
1.110000000000000764e+00 2.975521265086956690e-01 3.774018623065472644e-01 1.032905206948587090e-01
1.120000000000000773e+00 2.985318109397634423e-01 3.777820654588895377e-01 1.031802265628933013e-01
1.130000000000000782e+00 2.994988360709458508e-01 3.781381103462645443e-01 1.030635221601510360e-01
1.140000000000000790e+00 3.004534158664818322e-01 3.784704064024853598e-01 1.029405818424578289e-01
1.150000000000000799e+00 3.013957596636177572e-01 3.787793559215660300e-01 1.028115767988782431e-01
1.160000000000000808e+00 3.023260722703730030e-01 3.790653541945369076e-01 1.026766751018297480e-01
1.170000000000000817e+00 3.032445540613791790e-01 3.793287896435367235e-01 1.025360417564389337e-01
1.180000000000000826e+00 3.041514010718283090e-01 3.795700439532347925e-01 1.023898387491515155e-01
1.190000000000000835e+00 3.050468050895660532e-01 3.797894921996352591e-01 1.022382250956076627e-01
1.200000000000000844e+00 3.059309537453638872e-01 3.799875029763149503e-01 1.020813568877938504e-01
1.210000000000000853e+00 3.068040306014047092e-01 3.801644385181452979e-01 1.019193873404826284e-01
1.220000000000000862e+00 3.076662152380153503e-01 3.803206548225476213e-01 1.017524668369710755e-01
1.230000000000000870e+00 3.085176833386786277e-01 3.804565017683303463e-01 1.015807429741287654e-01
1.240000000000000879e+00 3.093586067733572476e-01 3.805723232321560623e-01 1.014043606067658310e-01
1.250000000000000888e+00 3.101891536801613114e-01 3.806684572026849955e-01 1.012234618913315509e-01
1.260000000000000897e+00 3.110094885453904001e-01 3.807452358924409141e-01 1.010381863289536442e-01
1.270000000000000906e+00 3.118197722819807116e-01 3.808029858474446527e-01 1.008486708078283195e-01
1.280000000000000915e+00 3.126201623063873947e-01 3.808420280546592207e-01 1.006550496449710730e-01
1.290000000000000924e+00 3.134108126139313333e-01 3.808626780472904594e-01 1.004574546273377389e-01
1.300000000000000933e+00 3.141918738526394694e-01 3.808652460079851587e-01 1.002560150523255783e-01
1.310000000000000941e+00 3.149634933956066418e-01 3.808500368699690442e-01 1.000508577676636618e-01
1.320000000000000950e+00 3.157258154119072513e-01 3.808173504161653788e-01 9.984210721070177486e-02
1.330000000000000959e+00 3.164789809360838979e-01 3.807674813763344823e-01 9.962988544710707495e-02
1.340000000000000968e+00 3.172231279362397460e-01 3.807007195222736895e-01 9.941431220897722909e-02
1.350000000000000977e+00 3.179583913807612072e-01 3.806173497611164414e-01 9.919550493237901112e-02
1.360000000000000986e+00 3.186849033036965317e-01 3.805176522267685879e-01 9.897357879432089334e-02
1.370000000000000995e+00 3.194027928688161211e-01 3.804019023695191515e-01 9.874864674916816742e-02
1.380000000000001004e+00 3.201121864323792088e-01 3.802703710438621321e-01 9.852081956450893518e-02
1.390000000000001013e+00 3.208132076046314451e-01 3.801233245945651040e-01 9.829020585647926800e-02
1.400000000000001021e+00 3.215059773100575891e-01 3.799610249410200202e-01 9.805691212455558414e-02
1.410000000000001030e+00 3.221906138464128988e-01 3.797837296599105295e-01 9.782104278582215429e-02
1.420000000000001039e+00 3.228672329425563148e-01 3.795916920662297245e-01 9.758270020872172879e-02
1.430000000000001048e+00 3.235359478151081936e-01 3.793851612926815720e-01 9.734198474629682241e-02
1.440000000000001057e+00 3.241968692239551864e-01 3.791643823674983316e-01 9.709899476892935866e-02
1.450000000000001066e+00 3.248501055266240223e-01 3.789295962907060500e-01 9.685382669658612609e-02
1.460000000000001075e+00 3.254957627315457347e-01 3.786810401088696043e-01 9.660657503057742956e-02
1.470000000000001084e+00 3.261339445502315915e-01 3.784189469883474932e-01 9.635733238483600027e-02
1.480000000000001092e+00 3.267647524483815458e-01 3.781435462870869069e-01 9.610618951672357524e-02
1.490000000000001101e+00 3.273882856959453580e-01 3.778550636249882189e-01 9.585323535737187706e-02
1.500000000000001110e+00 3.280046414161567059e-01 3.775537209528681548e-01 9.559855704156508538e-02
1.510000000000001119e+00 3.286139146335599337e-01 3.772397366200496704e-01 9.534223993717048928e-02
1.520000000000001128e+00 3.292161983210484810e-01 3.769133254406064615e-01 9.508436767412405122e-02
1.530000000000001137e+00 3.298115834459340867e-01 3.765746987582894167e-01 9.482502217297744673e-02
1.540000000000001146e+00 3.304001590150656975e-01 3.762240645101616598e-01 9.456428367301308868e-02
1.550000000000001155e+00 3.309820121190156783e-01 3.758616272889680476e-01 9.430223075993347803e-02
1.560000000000001164e+00 3.315572279753518647e-01 3.754875884042653822e-01 9.403894039313118181e-02
1.570000000000001172e+00 3.321258899710128887e-01 3.751021459423381499e-01 9.377448793254565540e-02
1.580000000000001181e+00 3.326880797038037074e-01 3.747054948249242123e-01 9.350894716511296001e-02
1.590000000000001190e+00 3.332438770230290448e-01 3.742978268667749298e-01 9.324239033081437034e-02
1.600000000000001199e+00 3.337933600692805092e-01 3.738793308320734199e-01 9.297488814832981230e-02
1.610000000000001208e+00 3.343366053133945970e-01 3.734501924897339342e-01 9.270650984030194552e-02
1.620000000000001217e+00 3.348736875945969027e-01 3.730105946676051665e-01 9.243732315821659440e-02
1.630000000000001226e+00 3.354046801578489667e-01 3.725607173055998089e-01 9.216739440690521756e-02
1.640000000000001235e+00 3.359296546904124714e-01 3.721007375077723944e-01 9.189678846867486983e-02
1.650000000000001243e+00 3.364486813576468838e-01 3.716308295933662409e-01 9.162556882707127703e-02
1.660000000000001252e+00 3.369618288380545335e-01 3.711511651468511475e-01 9.135379759028033897e-02
1.670000000000001261e+00 3.374691643575883360e-01 3.706619130669720485e-01 9.108153551417332017e-02
1.680000000000001270e+00 3.379707537232364833e-01 3.701632396148286097e-01 9.080884202500107139e-02
1.690000000000001279e+00 3.384666613558978687e-01 3.696553084610060269e-01 9.053577524174236113e-02
1.700000000000001288e+00 3.389569503225624558e-01 3.691382807317757919e-01 9.026239199811141034e-02
1.710000000000001297e+00 3.394416823678100270e-01 3.686123150543855753e-01 8.998874786422965399e-02
1.720000000000001306e+00 3.399209179446404105e-01 3.680775676014570452e-01 8.971489716796661462e-02
1.730000000000001315e+00 3.403947162446487873e-01 3.675341921345094409e-01 8.944089301595477270e-02
1.740000000000001323e+00 3.408631352275584558e-01 3.669823400466267205e-01 8.916678731428326343e-02
1.750000000000001332e+00 3.413262316501238236e-01 3.664221604042862124e-01 8.889263078887497949e-02
1.760000000000001341e+00 3.417840610944160029e-01 3.658537999883652581e-01 8.861847300555183993e-02
1.770000000000001350e+00 3.422366779955033911e-01 3.652774033343429982e-01 8.834436238979279099e-02
1.780000000000001359e+00 3.426841356685383921e-01 3.646931127717136789e-01 8.807034624618897967e-02
1.790000000000001368e+00 3.431264863352631589e-01 3.641010684626272420e-01 8.779647077760059648e-02
1.800000000000001377e+00 3.435637811499445138e-01 3.635014084397734657e-01 8.752278110401975897e-02
1.810000000000001386e+00 3.439960702247504831e-01 3.628942686435248088e-01 8.724932128114372409e-02
1.820000000000001394e+00 3.444234026545786587e-01 3.622797829583527807e-01 8.697613431866269007e-02
1.830000000000001403e+00 3.448458265413478219e-01 3.616580832485333796e-01 8.670326219826639258e-02
1.840000000000001412e+00 3.452633890177629894e-01 3.610292993931553673e-01 8.643074589137357544e-02
1.850000000000001421e+00 3.456761362705645935e-01 3.603935593204461996e-01 8.615862537658848519e-02
1.860000000000001430e+00 3.460841135632721222e-01 3.597509890414289369e-01 8.588693965688833087e-02
1.870000000000001439e+00 3.464873652584321562e-01 3.591017126829244011e-01 8.561572677654559482e-02
1.880000000000001448e+00 3.468859348393805719e-01 3.584458525199114010e-01 8.534502383778931611e-02
1.890000000000001457e+00 3.472798649315287922e-01 3.577835290072585717e-01 8.507486701720887168e-02
1.900000000000001465e+00 3.476691973231834654e-01 3.571148608108400402e-01 8.480529158190432126e-02
1.910000000000001474e+00 3.480539729859090103e-01 3.564399648380484065e-01 8.453633190538682729e-02
1.920000000000001483e+00 3.484342320944420757e-01 3.557589562677161976e-01 8.426802148323297992e-02
1.930000000000001492e+00 3.488100140461669052e-01 3.550719485794588404e-01 8.400039294849651061e-02
1.940000000000001501e+00 3.491813574801604925e-01 3.543790535824504762e-01 8.373347808688105798e-02
1.950000000000001510e+00 3.495483002958160168e-01 3.536803814436439986e-01 8.346730785167748301e-02
1.960000000000001519e+00 3.499108796710533875e-01 3.529760407154471924e-01 8.320191237846914778e-02
1.970000000000001528e+00 3.502691320801247232e-01 3.522661383628655773e-01 8.293732099960866855e-02
1.980000000000001537e+00 3.506230933110232595e-01 3.515507797901229470e-01 8.267356225846933526e-02
1.990000000000001545e+00 3.509727984825036229e-01 3.508300688667703726e-01 8.241066392347477787e-02
2.000000000000001332e+00 3.513182820607214096e-01 3.501041079532940525e-01 8.214865300190987707e-02
2.010000000000001119e+00 3.516595778754995627e-01 3.493729979262320540e-01 8.188755575351633342e-02
2.020000000000000906e+00 3.519967191362294301e-01 3.486368382028099400e-01 8.162739770387596183e-02
2.030000000000000693e+00 3.523297384474133875e-01 3.478957267651054397e-01 8.136820365758491713e-02
2.040000000000000480e+00 3.526586678238571304e-01 3.471497601837513214e-01 8.110999771122187618e-02
2.050000000000000266e+00 3.529835387055177964e-01 3.463990336411859605e-01 8.085280326611324342e-02
2.060000000000000053e+00 3.533043819720159129e-01 3.456436409544610955e-01 8.059664304089840525e-02
2.069999999999999840e+00 3.536212279568171080e-01 3.448836745976151530e-01 8.034153908389796150e-02
2.079999999999999627e+00 3.539341064610910803e-01 3.441192257236217467e-01 8.008751278528779272e-02
2.089999999999999414e+00 3.542430467672539884e-01 3.433503841859213979e-01 7.983458488908196093e-02
2.099999999999999201e+00 3.545480776522009214e-01 3.425772385595451386e-01 7.958277550492716401e-02
2.109999999999998987e+00 3.548492274002347235e-01 3.417998761618382675e-01 7.933210411971154674e-02
2.119999999999998774e+00 3.551465238156975013e-01 3.410183830727925303e-01 7.908258960899069989e-02
2.129999999999998561e+00 3.554399942353108077e-01 3.402328441549942184e-01 7.883425024823348393e-02
2.139999999999998348e+00 3.557296655402308883e-01 3.394433430731966794e-01 7.858710372389032806e-02
2.149999999999998135e+00 3.560155641678240945e-01 3.386499623135241221e-01 7.834116714428668304e-02
2.159999999999997922e+00 3.562977161231691281e-01 3.378527832023147104e-01 7.809645705034427843e-02
2.169999999999997708e+00 3.565761469902911096e-01 3.370518859246099952e-01 7.785298942613258499e-02
2.179999999999997495e+00 3.568508819431334689e-01 3.362473495422980130e-01 7.761077970925316094e-02
2.189999999999997282e+00 3.571219457562728739e-01 3.354392520119167109e-01 7.736984280105928258e-02
2.199999999999997069e+00 3.573893628153823054e-01 3.346276702021252492e-01 7.713019307671334368e-02
2.209999999999996856e+00 3.576531571274483845e-01 3.338126799108491749e-01 7.689184439508438274e-02
2.219999999999996643e+00 3.579133523307468367e-01 3.329943558821062410e-01 7.665481010848820831e-02
2.229999999999996430e+00 3.581699717045823128e-01 3.321727718225199744e-01 7.641910307227242627e-02
2.239999999999996216e+00 3.584230381787965602e-01 3.313480004175262117e-01 7.618473565424860316e-02
2.249999999999996003e+00 3.586725743430506652e-01 3.305201133472797093e-01 7.595171974397402215e-02
2.259999999999995790e+00 3.589186024558852495e-01 3.296891813022663764e-01 7.572006676188508534e-02
2.269999999999995577e+00 3.591611444535638409e-01 3.288552739986272955e-01 7.548978766828468023e-02
2.279999999999995364e+00 3.594002219587040248e-01 3.280184601932003563e-01 7.526089297218575835e-02
2.289999999999995151e+00 3.596358562887002619e-01 3.271788076982848348e-01 7.503339274001306902e-02
2.299999999999994937e+00 3.598680684639435912e-01 3.263363833961350768e-01 7.480729660416540749e-02
2.309999999999994724e+00 3.600968792158417697e-01 3.254912532531883396e-01 7.458261377144026483e-02
2.319999999999994511e+00 3.603223089946445690e-01 3.246434823340321740e-01 7.435935303132311380e-02
2.329999999999994298e+00 3.605443779770782231e-01 3.237931348151165678e-01 7.413752276414320441e-02
2.339999999999994085e+00 3.607631060737928053e-01 3.229402739982164539e-01 7.391713094909799220e-02
2.349999999999993872e+00 3.609785129366271383e-01 3.220849623236486381e-01 7.369818517214811460e-02
2.359999999999993658e+00 3.611906179656944049e-01 3.212272613832490853e-01 7.348069263378481653e-02
2.369999999999993445e+00 3.613994403162928415e-01 3.203672319331147267e-01 7.326466015667187914e-02
2.379999999999993232e+00 3.616049989056450142e-01 3.195049339061147853e-01 7.305009419316377262e-02
2.389999999999993019e+00 3.618073124194693957e-01 3.186404264241759487e-01 7.283700083270198966e-02
2.399999999999992806e+00 3.620063993183878504e-01 3.177737678103466079e-01 7.262538580909143338e-02
2.409999999999992593e+00 3.622022778441724711e-01 3.169050156006434915e-01 7.241525450765852467e-02
2.419999999999992379e+00 3.623949660258354299e-01 3.160342265556860819e-01 7.220661197229294448e-02
2.429999999999992166e+00 3.625844816855650632e-01 3.151614566721226418e-01 7.199946291237471763e-02
2.439999999999991953e+00 3.627708424445115210e-01 3.142867611938516825e-01 7.179381170958834546e-02
2.449999999999991740e+00 3.629540657284253680e-01 3.134101946230435920e-01 7.158966242462576346e-02
2.459999999999991527e+00 3.631341687731522438e-01 3.125318107309658644e-01 7.138701880377969211e-02
2.469999999999991314e+00 3.633111686299866361e-01 3.116516625686163167e-01 7.118588428542914348e-02
2.479999999999991100e+00 3.634850821708879298e-01 3.107698024771675671e-01 7.098626200641863782e-02
2.489999999999990887e+00 3.636559260935619542e-01 3.098862820982272170e-01 7.078815480833283713e-02
2.499999999999990674e+00 3.638237169264103565e-01 3.090011523839166774e-01 7.059156524366806684e-02
2.509999999999990461e+00 3.639884710333514684e-01 3.081144636067726927e-01 7.039649558190233525e-02
2.519999999999990248e+00 3.641502046185148833e-01 3.072262653694750600e-01 7.020294781546541907e-02
2.529999999999990035e+00 3.643089337308128561e-01 3.063366066144038724e-01 7.001092366561049996e-02
2.539999999999989821e+00 3.644646742683911311e-01 3.054455356330296745e-01 6.982042458818883690e-02
2.549999999999989608e+00 3.646174419829617541e-01 3.045531000751398598e-01 6.963145177932898722e-02
2.559999999999989395e+00 3.647672524840209207e-01 3.036593469579046412e-01 6.944400618102197775e-02
2.569999999999989182e+00 3.649141212429536374e-01 3.027643226747854244e-01 6.925808848661392514e-02
2.579999999999988969e+00 3.650580635970286369e-01 3.018680730042894167e-01 6.907369914620739570e-02
2.589999999999988756e+00 3.651990947532852139e-01 3.009706431185726339e-01 6.889083837197307325e-02
2.599999999999988542e+00 3.653372297923148104e-01 3.000720775918949146e-01 6.870950614337291429e-02
2.609999999999988329e+00 3.654724836719396852e-01 2.991724204089294958e-01 6.852970221229626180e-02
2.619999999999988116e+00 3.656048712307908843e-01 2.982717149729304795e-01 6.835142610811020814e-02
2.629999999999987903e+00 3.657344071917875694e-01 2.973700041137602446e-01 6.817467714262553935e-02
2.639999999999987690e+00 3.658611061655206442e-01 2.964673300957803570e-01 6.799945441497948218e-02
2.649999999999987477e+00 3.659849826535417905e-01 2.955637346256081432e-01 6.782575681643658594e-02
2.659999999999987264e+00 3.661060510515611321e-01 2.946592588597417572e-01 6.765358303510904392e-02
2.669999999999987050e+00 3.662243256525546942e-01 2.937539434120560733e-01 6.748293156059752274e-02
2.679999999999986837e+00 3.663398206497844312e-01 2.928478283611724020e-01 6.731380068855388754e-02
2.689999999999986624e+00 3.664525501397322693e-01 2.919409532577041388e-01 6.714618852516694714e-02
2.699999999999986411e+00 3.665625281249505485e-01 2.910333571313807877e-01 6.698009299157234309e-02
2.709999999999986198e+00 3.666697685168304188e-01 2.901250784980528574e-01 6.681551182818790124e-02
2.719999999999985985e+00 3.667742851382903568e-01 2.892161553665798523e-01 6.665244259897538937e-02
2.729999999999985771e+00 3.668760917263866883e-01 2.883066252456037981e-01 6.649088269562999920e-02
2.739999999999985558e+00 3.669752019348474503e-01 2.873965251502101359e-01 6.633082934169856615e-02
2.749999999999985345e+00 3.670716293365320348e-01 2.864858916084788709e-01 6.617227959662760894e-02
2.759999999999985132e+00 3.671653874258177241e-01 2.855747606679273076e-01 6.601523035974232734e-02
2.769999999999984919e+00 3.672564896209152829e-01 2.846631679018470917e-01 6.585967837415758475e-02
2.779999999999984706e+00 3.673449492661151616e-01 2.837511484155371133e-01 6.570562023062193058e-02
2.789999999999984492e+00 3.674307796339655874e-01 2.828387368524348799e-01 6.555305237129570306e-02
2.799999999999984279e+00 3.675139939273846523e-01 2.819259674001476368e-01 6.540197109346425342e-02
2.809999999999984066e+00 3.675946052817076204e-01 2.810128737963857870e-01 6.525237255318719343e-02
2.819999999999983853e+00 3.676726267666712289e-01 2.800994893348000003e-01 6.510425276888477664e-02
2.829999999999983640e+00 3.677480713883360952e-01 2.791858468707242302e-01 6.495760762486235684e-02
2.839999999999983427e+00 3.678209520909492269e-01 2.782719788268261940e-01 6.481243287477379822e-02
2.849999999999983213e+00 3.678912817587475237e-01 2.773579171986674252e-01 6.466872414502487787e-02
2.859999999999983000e+00 3.679590732177042134e-01 2.764436935601740641e-01 6.452647693811756902e-02
2.869999999999982787e+00 3.680243392372191669e-01 2.755293390690206623e-01 6.438568663593613461e-02
2.879999999999982574e+00 3.680870925317545339e-01 2.746148844719284998e-01 6.424634850297593347e-02
2.889999999999982361e+00 3.681473457624173107e-01 2.737003601098796923e-01 6.410845768951579926e-02
2.899999999999982148e+00 3.682051115384898377e-01 2.727857959232494189e-01 6.397200923473488066e-02
2.909999999999981934e+00 3.682604024189094494e-01 2.718712214568570484e-01 6.383699806977485847e-02
2.919999999999981721e+00 3.683132309136987748e-01 2.709566658649382731e-01 6.370341902074831697e-02
2.929999999999981508e+00 3.683636094853476872e-01 2.700421579160393604e-01 6.357126681169415761e-02
2.939999999999981295e+00 3.684115505501483478e-01 2.691277259978354097e-01 6.344053606748080443e-02
2.949999999999981082e+00 3.684570664794840633e-01 2.682133981218736696e-01 6.331122131665815889e-02
2.959999999999980869e+00 3.685001696010734573e-01 2.672992019282434684e-01 6.318331699425890069e-02
2.969999999999980655e+00 3.685408722001711768e-01 2.663851646901742032e-01 6.305681744455012006e-02
2.979999999999980442e+00 3.685791865207257434e-01 2.654713133185628848e-01 6.293171692373596138e-02
2.989999999999980229e+00 3.686151247664960495e-01 2.645576743664321273e-01 6.280800960261202770e-02
2.999999999999980016e+00 3.686486991021273307e-01 2.636442740333201362e-01 6.268568956917230928e-02
3.009999999999979803e+00 3.686799216541877811e-01 2.627311381696041948e-01 6.256475083116946889e-02
3.019999999999979590e+00 3.687088045121666990e-01 2.618182922807586466e-01 6.244518731862904598e-02
3.029999999999979376e+00 3.687353597294351637e-01 2.609057615315484302e-01 6.232699288631847467e-02
3.039999999999979163e+00 3.687595993241700731e-01 2.599935707501597748e-01 6.221016131617151945e-02
3.049999999999978950e+00 3.687815352802430446e-01 2.590817444322689456e-01 6.209468631966880148e-02
3.059999999999978737e+00 3.688011795480742316e-01 2.581703067450503153e-01 6.198056154017524827e-02
3.069999999999978524e+00 3.688185440454525010e-01 2.572592815311248171e-01 6.186778055523495939e-02
3.079999999999978311e+00 3.688336406583230254e-01 2.563486923124498884e-01 6.175633687882430695e-02
3.089999999999978098e+00 3.688464812415425675e-01 2.554385622941520717e-01 6.164622396356383288e-02
3.099999999999977884e+00 3.688570776196036793e-01 2.545289143683032718e-01 6.153743520288965096e-02
3.109999999999977671e+00 3.688654415873286463e-01 2.536197711176417235e-01 6.142996393318495008e-02
3.119999999999977458e+00 3.688715849105339561e-01 2.527111548192385038e-01 6.132380343587222338e-02
3.129999999999977245e+00 3.688755193266658461e-01 2.518030874481110293e-01 6.121894693946691030e-02
3.139999999999977032e+00 3.688772565454079277e-01 2.508955906807841529e-01 6.111538762159297172e-02
3.149999999999976819e+00 3.688768082492618339e-01 2.499886858987997174e-01 6.101311861096105071e-02
3.159999999999976605e+00 3.688741860941010531e-01 2.490823941921760099e-01 6.091213298930977377e-02
3.169999999999976392e+00 3.688694017096991740e-01 2.481767363628174794e-01 6.081242379331085884e-02
3.179999999999976179e+00 3.688624667002332047e-01 2.472717329278759646e-01 6.071398401643845338e-02
3.189999999999975966e+00 3.688533926447623568e-01 2.463674041230641820e-01 6.061680661080344479e-02
3.199999999999975753e+00 3.688421910976831808e-01 2.454637699059224465e-01 6.052088448895315276e-02
3.209999999999975540e+00 3.688288735891617764e-01 2.445608499590391782e-01 6.042621052563702105e-02
3.219999999999975326e+00 3.688134516255435758e-01 2.436586636932265570e-01 6.033277755953884991e-02
3.229999999999975113e+00 3.687959366897413660e-01 2.427572302506514901e-01 6.024057839497606870e-02
3.239999999999974900e+00 3.687763402416022740e-01 2.418565685079232253e-01 6.014960580356661091e-02
3.249999999999974687e+00 3.687546737182540446e-01 2.409566970791381657e-01 6.005985252586385631e-02
3.259999999999974474e+00 3.687309485344316129e-01 2.400576343188825790e-01 5.997131127296020242e-02
3.269999999999974261e+00 3.687051760827843583e-01 2.391593983251941169e-01 5.988397472805973704e-02
3.279999999999974047e+00 3.686773677341643185e-01 2.382620069424827569e-01 5.979783554802047679e-02
3.289999999999973834e+00 3.686475348378963068e-01 2.373654777644119418e-01 5.971288636486672685e-02
3.299999999999973621e+00 3.686156887220305434e-01 2.364698281367405841e-01 5.962911978727197804e-02
3.309999999999973408e+00 3.685818406935776337e-01 2.355750751601267678e-01 5.954652840201282021e-02
3.319999999999973195e+00 3.685460020387275049e-01 2.346812356928935639e-01 5.946510477539437151e-02
3.329999999999972982e+00 3.685081840230516881e-01 2.337883263537577916e-01 5.938484145464763969e-02
3.339999999999972768e+00 3.684683978916902802e-01 2.328963635245224484e-01 5.930573096929927374e-02
3.349999999999972555e+00 3.684266548695235288e-01 2.320053633527332237e-01 5.922776583251417037e-02
3.359999999999972342e+00 3.683829661613288731e-01 2.311153417542999855e-01 5.915093854241133126e-02
3.369999999999972129e+00 3.683373429519236630e-01 2.302263144160835162e-01 5.907524158335344250e-02
3.379999999999971916e+00 3.682897964062940566e-01 2.293382967984484988e-01 5.900066742721057217e-02
3.389999999999971703e+00 3.682403376697107045e-01 2.284513041377829456e-01 5.892720853459839508e-02
3.399999999999971489e+00 3.681889778678313907e-01 2.275653514489850426e-01 5.885485735609140290e-02
3.409999999999971276e+00 3.681357281067911269e-01 2.266804535279174915e-01 5.878360633341141867e-02
3.419999999999971063e+00 3.680805994732803677e-01 2.257966249538304881e-01 5.871344790059188773e-02
3.429999999999970850e+00 3.680236030346112908e-01 2.249138800917532544e-01 5.864437448511831269e-02
3.439999999999970637e+00 3.679647498387729199e-01 2.240322330948552321e-01 5.857637850904522797e-02
3.449999999999970424e+00 3.679040509144753668e-01 2.231516979067769690e-01 5.850945239009003318e-02
3.459999999999970210e+00 3.678415172711833603e-01 2.222722882639315833e-01 5.844358854270415710e-02
3.469999999999969997e+00 3.677771598991396163e-01 2.213940176977770846e-01 5.837877937912182985e-02
3.479999999999969784e+00 3.677109897693785490e-01 2.205168995370601626e-01 5.831501731038690045e-02
3.489999999999969571e+00 3.676430178337303789e-01 2.196409469100317480e-01 5.825229474735799801e-02
3.499999999999969358e+00 3.675732550248159702e-01 2.187661727466350958e-01 5.819060410169240444e-02
3.509999999999969145e+00 3.675017122560332306e-01 2.178925897806666123e-01 5.812993778680900642e-02
3.519999999999968932e+00 3.674284004215344623e-01 2.170202105519098978e-01 5.807028821883065961e-02
3.529999999999968718e+00 3.673533303961961094e-01 2.161490474082436442e-01 5.801164781750627053e-02
3.539999999999968505e+00 3.672765130355802876e-01 2.152791125077235801e-01 5.795400900711294989e-02
3.549999999999968292e+00 3.671979591758887107e-01 2.144104178206390487e-01 5.789736421733858440e-02
3.559999999999968079e+00 3.671176796339096216e-01 2.135429751315445768e-01 5.784170588414509762e-02
3.569999999999967866e+00 3.670356852069575071e-01 2.126767960412668523e-01 5.778702645061276760e-02
3.579999999999967653e+00 3.669519866728061519e-01 2.118118919688874446e-01 5.773331836776585818e-02
3.589999999999967439e+00 3.668665947896152524e-01 2.109482741537018480e-01 5.768057409537992453e-02
3.599999999999967226e+00 3.667795202958508138e-01 2.100859536571549613e-01 5.762878610277104990e-02
3.609999999999967013e+00 3.666907739101997188e-01 2.092249413647536693e-01 5.757794686956734659e-02
3.619999999999966800e+00 3.666003663314786332e-01 2.083652479879566644e-01 5.752804888646296383e-02
3.629999999999966587e+00 3.665083082385373059e-01 2.075068840660420078e-01 5.747908465595496369e-02
3.639999999999966374e+00 3.664146102901569280e-01 2.066498599679527370e-01 5.743104669306326598e-02
3.649999999999966160e+00 3.663192831249434955e-01 2.057941858941208235e-01 5.738392752603400926e-02
3.659999999999965947e+00 3.662223373612161770e-01 2.049398718782699802e-01 5.733771969702654986e-02
3.669999999999965734e+00 3.661237835968915721e-01 2.040869277891974032e-01 5.729241576278441828e-02
3.679999999999965521e+00 3.660236324093635307e-01 2.032353633325350573e-01 5.724800829529047563e-02
3.689999999999965308e+00 3.659218943553787518e-01 2.023851880524905611e-01 5.720448988240650623e-02
3.699999999999965095e+00 3.658185799709088859e-01 2.015364113335682272e-01 5.716185312849754452e-02
3.709999999999964881e+00 3.657136997710184190e-01 2.006890424022704233e-01 5.712009065504117938e-02
3.719999999999964668e+00 3.656072642497297243e-01 1.998430903287795324e-01 5.707919510122209938e-02
3.729999999999964455e+00 3.654992838798843957e-01 1.989985640286209279e-01 5.703915912451207326e-02
3.739999999999964242e+00 3.653897691130015279e-01 1.981554722643071587e-01 5.699997540123565715e-02
3.749999999999964029e+00 3.652787303791333318e-01 1.973138236469637041e-01 5.696163662712189213e-02
3.759999999999963816e+00 3.651661780867176965e-01 1.964736266379365492e-01 5.692413551784213099e-02
3.769999999999963602e+00 3.650521226224284765e-01 1.956348895503818019e-01 5.688746480953433410e-02
3.779999999999963389e+00 3.649365743510231130e-01 1.947976205508376857e-01 5.685161725931400095e-02
3.789999999999963176e+00 3.648195436151882576e-01 1.939618276607791569e-01 5.681658564577195258e-02
3.799999999999962963e+00 3.647010407353830086e-01 1.931275187581554253e-01 5.678236276945924921e-02
3.809999999999962750e+00 3.645810760096806491e-01 1.922947015789105984e-01 5.674894145335939583e-02
3.819999999999962537e+00 3.644596597136081639e-01 1.914633837184877285e-01 5.671631454334809253e-02
3.829999999999962323e+00 3.643368020999844248e-01 1.906335726333164560e-01 5.668447490864070293e-02
3.839999999999962110e+00 3.642125133987567098e-01 1.898052756422845544e-01 5.665341544222769754e-02
3.849999999999961897e+00 3.640868038168358911e-01 1.889784999281935718e-01 5.662312906129822465e-02
3.859999999999961684e+00 3.639596835379306228e-01 1.881532525391988731e-01 5.659360870765207246e-02
3.869999999999961471e+00 3.638311627223799749e-01 1.873295403902341116e-01 5.656484734810012655e-02
3.879999999999961258e+00 3.637012515069856233e-01 1.865073702644206577e-01 5.653683797485365564e-02
3.889999999999961044e+00 3.635699600048427627e-01 1.856867488144618439e-01 5.650957360590247447e-02
3.899999999999960831e+00 3.634372983051705752e-01 1.848676825640226951e-01 5.648304728538226793e-02
3.909999999999960618e+00 3.633032764731418673e-01 1.840501779090947532e-01 5.645725208393122946e-02
3.919999999999960405e+00 3.631679045497124281e-01 1.832342411193468856e-01 5.643218109903620772e-02
3.929999999999960192e+00 3.630311925514497773e-01 1.824198783394616885e-01 5.640782745536854215e-02
3.939999999999959979e+00 3.628931504703618027e-01 1.816070955904580120e-01 5.638418430510973994e-02
3.949999999999959766e+00 3.627537882737251196e-01 1.807958987709996912e-01 5.636124482826722348e-02
3.959999999999959552e+00 3.626131159039133189e-01 1.799862936586907880e-01 5.633900223298025922e-02
3.969999999999959339e+00 3.624711432782253828e-01 1.791782859113573434e-01 5.631744975581629703e-02
3.979999999999959126e+00 3.623278802887138772e-01 1.783718810683159739e-01 5.629658066205783101e-02
3.989999999999958913e+00 3.621833368020138111e-01 1.775670845516294227e-01 5.627638824598001771e-02
3.999999999999958700e+00 3.620375226591713291e-01 1.767639016673492880e-01 5.625686583111912803e-02
4.009999999999958931e+00 3.618904476754730148e-01 1.759623376067460110e-01 5.623800677053206881e-02
4.019999999999958717e+00 3.617421216402755269e-01 1.751623974475264855e-01 5.621980444704708507e-02
4.029999999999958504e+00 3.615925543168358458e-01 1.743640861550392052e-01 5.620225227350581637e-02
4.039999999999958291e+00 3.614417554421422429e-01 1.735674085834672808e-01 5.618534369299686693e-02
4.049999999999958078e+00 3.612897347267454706e-01 1.727723694770095242e-01 5.616907217908103517e-02
4.059999999999957865e+00 3.611365018545912853e-01 1.719789734710495677e-01 5.615343123600832070e-02
4.069999999999957652e+00 3.609820664828534142e-01 1.711872250933133000e-01 5.613841439892690299e-02
4.079999999999957438e+00 3.608264382417674665e-01 1.703971287650148658e-01 5.612401523408422355e-02
4.089999999999957225e+00 3.606696267344658979e-01 1.696086888019911199e-01 5.611022733902027576e-02
4.099999999999957012e+00 3.605116415368139204e-01 1.688219094158249500e-01 5.609704434275327584e-02
4.109999999999956799e+00 3.603524921972464656e-01 1.680367947149574437e-01 5.608445990595788133e-02
4.119999999999956586e+00 3.601921882366063143e-01 1.672533487057891455e-01 5.607246772113601285e-02
4.129999999999956373e+00 3.600307391479834473e-01 1.664715752937703797e-01 5.606106151278046623e-02
4.139999999999956160e+00 3.598681543965556173e-01 1.656914782844809975e-01 5.605023503753145397e-02
4.149999999999955946e+00 3.597044434194300866e-01 1.649130613846995497e-01 5.603998208432618006e-02
4.159999999999955733e+00 3.595396156254869746e-01 1.641363282034619675e-01 5.603029647454157297e-02
4.169999999999955520e+00 3.593736803952237713e-01 1.633612822531100850e-01 5.602117206213031581e-02
4.179999999999955307e+00 3.592066470806013490e-01 1.625879269503298918e-01 5.601260273375030518e-02
4.189999999999955094e+00 3.590385250048915844e-01 1.618162656171797387e-01 5.600458240888762929e-02
4.199999999999954881e+00 3.588693234625262574e-01 1.610463014821087446e-01 5.599710503997321759e-02
4.209999999999954667e+00 3.586990517189477257e-01 1.602780376809652685e-01 5.599016461249325949e-02
4.219999999999954454e+00 3.585277190104612099e-01 1.595114772579958040e-01 5.598375514509350281e-02
4.229999999999954241e+00 3.583553345440886329e-01 1.587466231668342442e-01 5.597787068967758489e-02
4.239999999999954028e+00 3.581819074974240680e-01 1.579834782714818198e-01 5.597250533149943780e-02
4.249999999999953815e+00 3.580074470184910762e-01 1.572220453472774893e-01 5.596765318924997595e-02
4.259999999999953602e+00 3.578319622256018184e-01 1.564623270818593370e-01 5.596330841513807303e-02
4.269999999999953388e+00 3.576554622072176670e-01 1.557043260761167280e-01 5.595946519496599464e-02
4.279999999999953175e+00 3.574779560218119823e-01 1.549480448451334702e-01 5.595611774819940487e-02
4.289999999999952962e+00 3.572994526977344432e-01 1.541934858191220670e-01 5.595326032803198818e-02
4.299999999999952749e+00 3.571199612330774320e-01 1.534406513443491993e-01 5.595088722144484633e-02
4.309999999999952536e+00 3.569394905955441955e-01 1.526895436840525477e-01 5.594899274926076055e-02
4.319999999999952323e+00 3.567580497223190039e-01 1.519401650193488440e-01 5.594757126619338133e-02
4.329999999999952109e+00 3.565756475199391984e-01 1.511925174501336511e-01 5.594661716089149167e-02
4.339999999999951896e+00 3.563922928641691801e-01 1.504466029959725948e-01 5.594612485597843382e-02
4.349999999999951683e+00 3.562079945998766206e-01 1.497024235969842409e-01 5.594608880808672746e-02
4.359999999999951470e+00 3.560227615409101709e-01 1.489599811147148956e-01 5.594650350788808041e-02
4.369999999999951257e+00 3.558366024699797792e-01 1.482192773330051894e-01 5.594736348011879190e-02
4.379999999999951044e+00 3.556495261385386186e-01 1.474803139588486411e-01 5.594866328360070112e-02
4.389999999999950830e+00 3.554615412666671803e-01 1.467430926232422550e-01 5.595039751125771565e-02
4.399999999999950617e+00 3.552726565429596972e-01 1.460076148820293185e-01 5.595256079012805861e-02
4.409999999999950404e+00 3.550828806244121782e-01 1.452738822167343180e-01 5.595514778137227613e-02
4.419999999999950191e+00 3.548922221363129403e-01 1.445418960353902771e-01 5.595815318027713009e-02
4.429999999999949978e+00 3.547006896721350833e-01 1.438116576733583507e-01 5.596157171625543852e-02
4.439999999999949765e+00 3.545082917934310185e-01 1.430831683941400645e-01 5.596539815284192615e-02
4.449999999999949551e+00 3.543150370297293850e-01 1.423564293901819489e-01 5.596962728768521689e-02
4.459999999999949338e+00 3.541209338784337968e-01 1.416314417836728734e-01 5.597425395253600999e-02
4.469999999999949125e+00 3.539259908047238667e-01 1.409082066273340816e-01 5.597927301323150917e-02
4.479999999999948912e+00 3.537302162414585061e-01 1.401867249052020370e-01 5.598467936967620878e-02
4.489999999999948699e+00 3.535336185890811667e-01 1.394669975334040246e-01 5.599046795581914121e-02
4.499999999999948486e+00 3.533362062155274153e-01 1.387490253609268420e-01 5.599663373962756457e-02
4.509999999999948272e+00 3.531379874561346166e-01 1.380328091703783844e-01 5.600317172305724345e-02
4.519999999999948059e+00 3.529389706135537819e-01 1.373183496787423186e-01 5.601007694201941278e-02
4.529999999999947846e+00 3.527391639576636373e-01 1.366056475381259294e-01 5.601734446634439729e-02
4.539999999999947633e+00 3.525385757254868579e-01 1.358947033365011936e-01 5.602496939974206669e-02
4.549999999999947420e+00 3.523372141211083552e-01 1.351855175984391366e-01 5.603294687975911986e-02
4.559999999999947207e+00 3.521350873155960626e-01 1.344780907858374730e-01 5.604127207773330899e-02
4.569999999999946994e+00 3.519322034469235527e-01 1.337724232986417794e-01 5.604994019874463135e-02
4.579999999999946780e+00 3.517285706198951534e-01 1.330685154755600341e-01 5.605894648156360682e-02
4.589999999999946567e+00 3.515241969060730054e-01 1.323663675947708840e-01 5.606828619859666879e-02
4.599999999999946354e+00 3.513190903437063417e-01 1.316659798746252497e-01 5.607795465582872396e-02
4.609999999999946141e+00 3.511132589376631530e-01 1.309673524743418804e-01 5.608794719276297830e-02
