0.000000000000000000e+00 7.378000000000000000e+03 0.000000000000000000e+00 0.000000000000000000e+00
0.000000000000000000e+00 7.341450065048170472e+03 0.000000000000000000e+00 8.097490200827310218e+02
1.000000000000000000e+02 7.231688662270818895e+03 0.000000000000000000e+00 1.528890810274434898e+03
2.000000000000000000e+02 7.049980425331646984e+03 0.000000000000000000e+00 2.239116131636522368e+03
3.000000000000000000e+02 6.798896524289355511e+03 0.000000000000000000e+00 2.927310075700102971e+03
4.000000000000000000e+02 6.481050611413216757e+03 0.000000000000000000e+00 3.586761921009094294e+03
5.000000000000000000e+02 6.099693361891312634e+03 0.000000000000000000e+00 4.211067844476822756e+03
6.000000000000000000e+02 5.658676516822585654e+03 0.000000000000000000e+00 4.794189036992638648e+03
7.000000000000000000e+02 5.162412101327986420e+03 0.000000000000000000e+00 5.330505602665679362e+03
8.000000000000000000e+02 4.615827308359071139e+03 0.000000000000000000e+00 5.814865940914364728e+03
9.000000000000000000e+02 4.024315535093843209e+03 0.000000000000000000e+00 6.242631365245635607e+03
1.000000000000000000e+03 3.393684049943542959e+03 0.000000000000000000e+00 6.609715760711028452e+03
1.100000000000000000e+03 2.727006972181084166e+03 0.000000000000000000e+00 6.914221113957956732e+03
1.200000000000000000e+03 2.029246438504595062e+03 0.000000000000000000e+00 7.153876627901067877e+03
1.300000000000000000e+03 1.309523515826553194e+03 0.000000000000000000e+00 7.325079837023140499e+03
1.400000000000000000e+03 5.760024016486923983e+02 0.000000000000000000e+00 7.425773755597199852e+03
1.500000000000000000e+03 -1.636240548038372253e+02 0.000000000000000000e+00 7.454976596135446016e+03
1.600000000000000000e+03 -9.018616959538670699e+02 0.000000000000000000e+00 7.412587680730040120e+03
1.700000000000000000e+03 -1.631478338731352096e+03 0.000000000000000000e+00 7.299296636820065942e+03
1.800000000000000000e+03 -2.345571612781184285e+03 0.000000000000000000e+00 7.116525601780202123e+03
1.900000000000000000e+03 -3.037466904179991161e+03 0.000000000000000000e+00 6.866383872479445017e+03
2.000000000000000000e+03 -3.700787702769799580e+03 0.000000000000000000e+00 6.551629769367115841e+03
2.100000000000000000e+03 -4.329519107144051304e+03 0.000000000000000000e+00 6.175625191445337805e+03
2.200000000000000000e+03 -4.918063780832524571e+03 0.000000000000000000e+00 5.742284174277675447e+03
2.300000000000000000e+03 -5.461289915956042023e+03 0.000000000000000000e+00 5.256016799870100840e+03
2.400000000000000000e+03 -5.954571011103766068e+03 0.000000000000000000e+00 4.721669790876008847e+03
2.500000000000000000e+03 -6.393817498203664400e+03 0.000000000000000000e+00 4.144465059263165131e+03
2.600000000000000000e+03 -6.775500451163768048e+03 0.000000000000000000e+00 3.529937380122040850e+03
2.700000000000000000e+03 -7.096667772284491548e+03 0.000000000000000000e+00 2.883872234261262747e+03
2.800000000000000000e+03 -7.354953378734503531e+03 0.000000000000000000e+00 2.212244718209583425e+03
2.900000000000000000e+03 -7.548580000899465631e+03 0.000000000000000000e+00 1.521160266193959615e+03
3.000000000000000000e+03 -7.676356259170164776e+03 0.000000000000000000e+00 8.167977734907699414e+02
3.100000000000000000e+03 -7.737668709120705898e+03 0.000000000000000000e+00 1.053555608055902439e+02
3.200000000000000000e+03 -7.732469541311742432e+03 0.000000000000000000e+00 -6.069995198853239344e+02
3.300000000000000000e+03 -7.661260595858972010e+03 0.000000000000000000e+00 -1.314179662663520958e+03
3.400000000000000000e+03 -7.525074308234510681e+03 0.000000000000000000e+00 -2.010220301403807753e+03
3.500000000000000000e+03 -7.325452146116328549e+03 0.000000000000000000e+00 -2.689320944154123936e+03
3.600000000000000000e+03 -7.064421031664795919e+03 0.000000000000000000e+00 -3.345882745590584818e+03
3.700000000000000000e+03 -6.744468173059668516e+03 0.000000000000000000e+00 -3.974542970883508133e+03
3.800000000000000000e+03 -6.368514656573947832e+03 0.000000000000000000e+00 -4.570206543955766392e+03
3.900000000000000000e+03 -5.939888078415147902e+03 0.000000000000000000e+00 -5.128074897851311107e+03
4.000000000000000000e+03 -5.460499739749428954e+03 0.000000000000000000e+00 -5.645798559325839960e+03
4.100000000000000000e+03 -4.934426042476360635e+03 0.000000000000000000e+00 -6.119238047506662042e+03
4.200000000000000000e+03 -4.367886223684579818e+03 0.000000000000000000e+00 -6.542498599214890419e+03
4.300000000000000000e+03 -3.765603504028471889e+03 0.000000000000000000e+00 -6.912224623800399058e+03
4.400000000000000000e+03 -3.131311205946020891e+03 0.000000000000000000e+00 -7.226186407367355059e+03
4.500000000000000000e+03 -2.470230264269508552e+03 0.000000000000000000e+00 -7.481911935397583875e+03
4.600000000000000000e+03 -1.789031836524290156e+03 0.000000000000000000e+00 -7.676709036502000345e+03
4.700000000000000000e+03 -1.093281449010572487e+03 0.000000000000000000e+00 -7.809068772566924054e+03
4.800000000000000000e+03 -3.886475520910665864e+02 0.000000000000000000e+00 -7.877982302441060710e+03
4.900000000000000000e+03 3.198627118483434515e+02 0.000000000000000000e+00 -7.882984151872304210e+03
5.000000000000000000e+03 1.026499805274500659e+03 0.000000000000000000e+00 -7.824080527903549410e+03
5.100000000000000000e+03 1.724816187960206662e+03 0.000000000000000000e+00 -7.701751399088614562e+03
5.200000000000000000e+03 2.409499207837600807e+03 0.000000000000000000e+00 -7.516945784827596981e+03
5.300000000000000000e+03 3.075010004559652316e+03 0.000000000000000000e+00 -7.271187868612496459e+03
5.400000000000000000e+03 3.715627316190439615e+03 0.000000000000000000e+00 -6.966565823061021547e+03
5.500000000000000000e+03 4.326322710666608145e+03 0.000000000000000000e+00 -6.605484541068808539e+03
5.600000000000000000e+03 4.902229114829683567e+03 0.000000000000000000e+00 -6.190836549724713223e+03
5.700000000000000000e+03 5.438547001789131173e+03 0.000000000000000000e+00 -5.726066269870228098e+03
5.800000000000000000e+03 5.930906745969316944e+03 0.000000000000000000e+00 -5.214958845100180042e+03
5.900000000000000000e+03 6.375344567024893877e+03 0.000000000000000000e+00 -4.661640731276605038e+03
6.000000000000000000e+03 6.768249334136182370e+03 0.000000000000000000e+00 -4.070609947105400806e+03
6.100000000000000000e+03 7.106438523630644340e+03 0.000000000000000000e+00 -3.446657983032650009e+03
6.200000000000000000e+03 7.387176320459343515e+03 0.000000000000000000e+00 -2.794835883516651847e+03
6.300000000000000000e+03 7.608192183417319029e+03 0.000000000000000000e+00 -2.120416275306905845e+03
6.400000000000000000e+03 7.767697556922692456e+03 0.000000000000000000e+00 -1.428852516711845965e+03
6.500000000000000000e+03 7.864399603826344901e+03 0.000000000000000000e+00 -7.257357889821050776e+02
6.600000000000000000e+03 7.897511393472254895e+03 0.000000000000000000e+00 -1.675075331385437494e+01
6.700000000000000000e+03 7.866758258360120635e+03 0.000000000000000000e+00 6.923697231992516663e+02
6.800000000000000000e+03 7.772380178982143661e+03 0.000000000000000000e+00 1.395890320646757573e+03
6.900000000000000000e+03 7.615130130326100698e+03 0.000000000000000000e+00 2.088119169408772905e+03
7.000000000000000000e+03 7.396268381387107183e+03 0.000000000000000000e+00 2.763453473361783836e+03
7.100000000000000000e+03 7.117552779133242439e+03 0.000000000000000000e+00 3.416424458775154562e+03
7.200000000000000000e+03 6.781225073247439468e+03 0.000000000000000000e+00 4.041741369608930199e+03
7.300000000000000000e+03 6.389993373673917631e+03 0.000000000000000000e+00 4.634334129723773003e+03
7.400000000000000000e+03 5.947010862486607948e+03 0.000000000000000000e+00 5.189394334776904543e+03
7.500000000000000000e+03 5.455850910697641666e+03 0.000000000000000000e+00 5.702414246282816748e+03
7.600000000000000000e+03 4.920478779205623141e+03 0.000000000000000000e+00 6.169223472503258563e+03
7.700000000000000000e+03 4.345220110936608762e+03 0.000000000000000000e+00 6.586023035525779051e+03
7.800000000000000000e+03 3.734726448129203163e+03 0.000000000000000000e+00 6.949416541104334101e+03
7.900000000000000000e+03 3.093938034417377366e+03 0.000000000000000000e+00 7.256438187557751007e+03
8.000000000000000000e+03 2.428044185616191953e+03 0.000000000000000000e+00 7.504577372214861498e+03
8.100000000000000000e+03 1.742441535652469156e+03 0.000000000000000000e+00 7.691799678492110615e+03
8.200000000000000000e+03 1.042690484634902987e+03 0.000000000000000000e+00 7.816564053590952426e+03
8.300000000000000000e+03 3.344701943554712216e+02 0.000000000000000000e+00 7.877836015873474025e+03
8.400000000000000000e+03 -3.764675077100448561e+02 0.000000000000000000e+00 7.875096762043538547e+03
8.500000000000000000e+03 -1.084344941836212683e+03 0.000000000000000000e+00 7.808348077117096182e+03
8.600000000000000000e+03 -1.783405722869566489e+03 0.000000000000000000e+00 7.678112984560893892e+03
8.700000000000000000e+03 -2.467961849644111226e+03 0.000000000000000000e+00 7.485432109628311991e+03
8.800000000000000000e+03 -3.132440342873723694e+03 0.000000000000000000e+00 7.231855765504116789e+03
8.900000000000000000e+03 -3.771429037657388562e+03 0.000000000000000000e+00 6.919431809034797880e+03
9.000000000000000000e+03 -4.379721140675323113e+03 0.000000000000000000e+00 6.550689350188755270e+03
9.100000000000000000e+03 -4.952358169852671381e+03 0.000000000000000000e+00 6.128618436560138434e+03
9.200000000000000000e+03 -5.484670905740327726e+03 0.000000000000000000e+00 5.656645870785453553e+03
9.300000000000000000e+03 -5.972228035573207308e+03 0.000000000000000000e+00 5.138694659859399508e+03
9.400000000000000000e+03 -6.411052454233994467e+03 0.000000000000000000e+00 4.578977160406021540e+03
9.500000000000000000e+03 -6.797653616646090086e+03 0.000000000000000000e+00 3.981960298028280704e+03
9.600000000000000000e+03 -7.128876315610772508e+03 0.000000000000000000e+00 3.352503709683021953e+03
9.700000000000000000e+03 -7.402016666442231326e+03 0.000000000000000000e+00 2.695732778063469596e+03
9.800000000000000000e+03 -7.614823323414595507e+03 0.000000000000000000e+00 2.017054726564089606e+03
9.900000000000000000e+03 -7.765558109405741561e+03 0.000000000000000000e+00 1.321998387309347663e+03
1.000000000000000000e+04 -7.853010070348194859e+03 0.000000000000000000e+00 6.161689234282023335e+02
1.010000000000000000e+04 -7.876463243685920133e+03 0.000000000000000000e+00 -9.468201104952242986e+01
1.020000000000000000e+04 -7.835724081346996172e+03 0.000000000000000000e+00 -8.047314091636870899e+02
1.030000000000000000e+04 -7.731122314877638928e+03 0.000000000000000000e+00 -1.508192181855030185e+03
1.040000000000000000e+04 -7.563508185167123884e+03 0.000000000000000000e+00 -2.199360430119186276e+03
1.050000000000000000e+04 -7.334250232236749071e+03 0.000000000000000000e+00 -2.872588693803474598e+03
1.060000000000000000e+04 -7.045218268664747484e+03 0.000000000000000000e+00 -3.522382993530343811e+03
1.070000000000000000e+04 -6.698763194038270740e+03 0.000000000000000000e+00 -4.143460113550975620e+03
1.080000000000000000e+04 -6.297707420315845411e+03 0.000000000000000000e+00 -4.730760690894509025e+03
1.090000000000000000e+04 -5.845320300870191204e+03 0.000000000000000000e+00 -5.279495943256876672e+03
1.100000000000000000e+04 -5.345287694911432482e+03 0.000000000000000000e+00 -5.785194835965019593e+03
1.110000000000000000e+04 -4.801684563457046352e+03 0.000000000000000000e+00 -6.243735949452135173e+03
1.120000000000000000e+04 -4.218941489629145508e+03 0.000000000000000000e+00 -6.651381782849049159e+03
1.130000000000000000e+04 -3.601808391778470195e+03 0.000000000000000000e+00 -7.004809559394632743e+03
1.140000000000000000e+04 -2.955315690097160314e+03 0.000000000000000000e+00 -7.301138476701590662e+03
1.150000000000000000e+04 -2.284733219983167146e+03 0.000000000000000000e+00 -7.537953269283781992e+03
1.160000000000000000e+04 -1.595527212239395340e+03 0.000000000000000000e+00 -7.713323933231782576e+03
1.170000000000000000e+04 -8.933156823570686811e+02 0.000000000000000000e+00 -7.825821471516772363e+03
1.180000000000000000e+04 -1.838225885046840631e+02 0.000000000000000000e+00 -7.874529540203824581e+03
1.190000000000000000e+04 5.271688642995654845e+02 0.000000000000000000e+00 -7.859051904436769291e+03
1.200000000000000000e+04 1.233863407475773784e+03 0.000000000000000000e+00 -7.779515646311608180e+03
1.210000000000000000e+04 1.930500986220679806e+03 0.000000000000000000e+00 -7.636570098698620313e+03
1.220000000000000000e+04 2.611403733928916154e+03 0.000000000000000000e+00 -7.431381514553136185e+03
1.230000000000000000e+04 3.271022272968122707e+03 0.000000000000000000e+00 -7.165623517803041977e+03
1.240000000000000000e+04 3.903980959728768994e+03 0.000000000000000000e+00 -6.841463414679265043e+03
1.250000000000000000e+04 4.505121704490912634e+03 0.000000000000000000e+00 -6.461544478678177256e+03
1.260000000000000000e+04 5.069546008571105631e+03 0.000000000000000000e+00 -6.028964355264724873e+03
1.270000000000000000e+04 5.592654876061747927e+03 0.000000000000000000e+00 -5.547249764097351544e+03
1.280000000000000000e+04 6.070186275120904611e+03 0.000000000000000000e+00 -5.020327706720593596e+03
1.290000000000000000e+04 6.498249844058515009e+03 0.000000000000000000e+00 -4.452493416083077136e+03
1.300000000000000000e+04 6.873358560219348874e+03 0.000000000000000000e+00 -3.848375310668121074e+03
1.310000000000000000e+04 7.192457114688688307e+03 0.000000000000000000e+00 -3.212897240259855607e+03
1.320000000000000000e+04 7.452946762930721889e+03 0.000000000000000000e+00 -2.551238332217899369e+03
1.330000000000000000e+04 7.652706450383457195e+03 0.000000000000000000e+00 -1.868790766427316157e+03
1.340000000000000000e+04 7.790110042535679895e+03 0.000000000000000000e+00 -1.171115823679047935e+03
1.350000000000000000e+04 7.864039520847760286e+03 0.000000000000000000e+00 -4.638985659935933654e+02
1.360000000000000000e+04 7.873894038786567762e+03 0.000000000000000000e+00 2.470984817745978717e+02
1.370000000000000000e+04 7.819594765956156152e+03 0.000000000000000000e+00 9.560822719003754173e+02
1.380000000000000000e+04 7.701585482546309322e+03 0.000000000000000000e+00 1.657276413416662763e+03
1.390000000000000000e+04 7.520828920814174126e+03 0.000000000000000000e+00 2.344968207848324710e+03
1.400000000000000000e+04 7.278798884783467656e+03 0.000000000000000000e+00 3.013555158928496894e+03
1.410000000000000000e+04 6.977468213516361175e+03 0.000000000000000000e+00 3.657590578688360438e+03
1.420000000000000000e+04 6.619292686914233855e+03 0.000000000000000000e+00 4.271827919856596964e+03
1.430000000000000000e+04 6.207185742214742277e+03 0.000000000000000000e+00 4.851271633423167259e+03
1.440000000000000000e+04 5.744505283574218993e+03 0.000000000000000000e+00 5.391201523410063601e+03
1.450000000000000000e+04 5.235026362026184870e+03 0.000000000000000000e+00 5.887211196816357187e+03
1.460000000000000000e+04 4.682899895834247218e+03 0.000000000000000000e+00 6.335260255584134939e+03
1.470000000000000000e+04 4.092624118317333341e+03 0.000000000000000000e+00 6.731699028145709235e+03
1.480000000000000000e+04 3.469003818823292022e+03 0.000000000000000000e+00 7.073300781876213478e+03
1.490000000000000000e+04 2.817119453135238928e+03 0.000000000000000000e+00 7.357282990580901242e+03
1.500000000000000000e+04 2.142285774470429715e+03 0.000000000000000000e+00 7.581330006671288174e+03
1.510000000000000000e+04 1.450000307182406686e+03 0.000000000000000000e+00 7.743616924172875770e+03
1.520000000000000000e+04 7.459003717885916558e+02 0.000000000000000000e+00 7.842822362400908787e+03
1.530000000000000000e+04 3.572180455644945596e+01 0.000000000000000000e+00 7.878138359169009163e+03
1.540000000000000000e+04 -6.747477589683362567e+02 0.000000000000000000e+00 7.849276956970017636e+03
1.550000000000000000e+04 -1.379721793324601776e+03 0.000000000000000000e+00 7.756473315098905005e+03
1.560000000000000000e+04 -2.073457427307217131e+03 0.000000000000000000e+00 7.600483553820759880e+03
1.570000000000000000e+04 -2.750302748286109818e+03 0.000000000000000000e+00 7.382578453692860421e+03
1.580000000000000000e+04 -3.404744055861743163e+03 0.000000000000000000e+00 7.104533196170336851e+03
1.590000000000000000e+04 -4.031449872161729672e+03 0.000000000000000000e+00 6.768612889227748383e+03
1.600000000000000000e+04 -4.625315058396598943e+03 0.000000000000000000e+00 6.377553991106326976e+03
1.610000000000000000e+04 -5.181501709120120722e+03 0.000000000000000000e+00 5.934542255082010342e+03
1.620000000000000000e+04 -5.695478957318197899e+03 0.000000000000000000e+00 5.443186603371271303e+03
1.630000000000000000e+04 -6.163059823987573509e+03 0.000000000000000000e+00 4.907489743373111196e+03
1.640000000000000000e+04 -6.580435296847796053e+03 0.000000000000000000e+00 4.331815572032309319e+03
1.650000000000000000e+04 -6.944205344773278739e+03 0.000000000000000000e+00 3.720853634883904306e+03
1.660000000000000000e+04 -7.251406607901971256e+03 0.000000000000000000e+00 3.079580930315366913e+03
1.670000000000000000e+04 -7.499536534290458803e+03 0.000000000000000000e+00 2.413221371006576192e+03
1.680000000000000000e+04 -7.686573764816882431e+03 0.000000000000000000e+00 1.727203233301177534e+03
1.690000000000000000e+04 -7.810994598219820546e+03 0.000000000000000000e+00 1.027114947134601152e+03
1.700000000000000000e+04 -7.871785406072964179e+03 0.000000000000000000e+00 3.186595704107148777e+02
1.710000000000000000e+04 -7.868450893107356023e+03 0.000000000000000000e+00 -3.923916716387744827e+02
1.720000000000000000e+04 -7.801018132775737286e+03 0.000000000000000000e+00 -1.100246392249905512e+03
1.730000000000000000e+04 -7.670036349641386551e+03 0.000000000000000000e+00 -1.799138226676381009e+03
1.740000000000000000e+04 -7.476572448693907972e+03 0.000000000000000000e+00 -2.483373804333945827e+03
1.750000000000000000e+04 -7.222202327899066404e+03 0.000000000000000000e+00 -3.147379126978936256e+03
1.760000000000000000e+04 -6.908998044626328920e+03 0.000000000000000000e+00 -3.785744975177689412e+03
1.770000000000000000e+04 -6.539510940362981273e+03 0.000000000000000000e+00 -4.393270973215402591e+03
1.780000000000000000e+04 -6.116750861042809447e+03 0.000000000000000000e+00 -4.965007953496367918e+03
1.790000000000000000e+04 -5.644161642122419835e+03 0.000000000000000000e+00 -5.496298275314249622e+03
1.800000000000000000e+04 -5.125593057970262635e+03 0.000000000000000000e+00 -5.982813769509458325e+03
1.810000000000000000e+04 -4.565269463944301606e+03 0.000000000000000000e+00 -6.420590999846021987e+03
1.820000000000000000e+04 -3.967755386489093326e+03 0.000000000000000000e+00 -6.806063553776060871e+03
1.830000000000000000e+04 -3.337918341461830551e+03 0.000000000000000000e+00 -7.136091099439019672e+03
1.840000000000000000e+04 -2.680889183496423811e+03 0.000000000000000000e+00 -7.407984972068780735e+03
1.850000000000000000e+04 -2.002020309350268235e+03 0.000000000000000000e+00 -7.619530081240879554e+03
1.860000000000000000e+04 -1.306842055685159494e+03 0.000000000000000000e+00 -7.769002960354439892e+03
1.870000000000000000e+04 -6.010176464684830080e+02 0.000000000000000000e+00 -7.855185811165382802e+03
1.880000000000000000e+04 1.097029429775590188e+02 0.000000000000000000e+00 -7.877376428813154234e+03
1.890000000000000000e+04 8.195298293996218035e+02 0.000000000000000000e+00 -7.835393926346805529e+03
1.900000000000000000e+04 1.522680390842736870e+03 0.000000000000000000e+00 -7.729580211984282869e+03
1.910000000000000000e+04 2.213426377341857005e+03 0.000000000000000000e+00 -7.560797206952008310e+03
1.920000000000000000e+04 2.886140579188633637e+03 0.000000000000000000e+00 -7.330419826467925304e+03
1.930000000000000000e+04 3.535342672474358551e+03 0.000000000000000000e+00 -7.040324780966740946e+03
1.940000000000000000e+04 4.155743185343524601e+03 0.000000000000000000e+00 -6.692875631613675978e+03
1.950000000000000000e+04 4.742287957227634251e+03 0.000000000000000000e+00 -6.290902848451797581e+03
1.960000000000000000e+04 5.290199313639356660e+03 0.000000000000000000e+00 -5.837680748947766006e+03
1.970000000000000000e+04 5.795013623768774778e+03 0.000000000000000000e+00 -5.336901509261589126e+03
1.980000000000000000e+04 6.252618097704897082e+03 0.000000000000000000e+00 -4.792645015501877424e+03
1.990000000000000000e+04 6.659284794951192453e+03 0.000000000000000000e+00 -4.209345080458086159e+03
2.000000000000000000e+04 7.011700994523155714e+03 0.000000000000000000e+00 -3.591753321744920413e+03
2.010000000000000000e+04 7.306995599445704102e+03 0.000000000000000000e+00 -2.944901156722837186e+03
2.020000000000000000e+04 7.542762941692291861e+03 0.000000000000000000e+00 -2.274058221340585078e+03
2.030000000000000000e+04 7.717082355229063069e+03 0.000000000000000000e+00 -1.584689523072913289e+03
2.040000000000000000e+04 7.828533710119678290e+03 0.000000000000000000e+00 -8.824110717952875120e+02
2.050000000000000000e+04 7.876209058960857874e+03 0.000000000000000000e+00 -1.729440111595665712e+02
2.060000000000000000e+04 7.859719992969750820e+03 0.000000000000000000e+00 5.379318877020848504e+02
2.070000000000000000e+04 7.779200833198894543e+03 0.000000000000000000e+00 1.244425426874108553e+03
2.080000000000000000e+04 7.635307526328084350e+03 0.000000000000000000e+00 1.940781090768106424e+03
2.090000000000000000e+04 7.429212304101605696e+03 0.000000000000000000e+00 2.621325943152068248e+03
2.100000000000000000e+04 7.162594134843768188e+03 0.000000000000000000e+00 3.280515846958906877e+03
2.110000000000000000e+04 6.837625046018529247e+03 0.000000000000000000e+00 3.912980632678163147e+03
2.120000000000000000e+04 6.456952429710422621e+03 0.000000000000000000e+00 4.513567848468918783e+03
2.130000000000000000e+04 6.023677475343039077e+03 0.000000000000000000e+00 5.077384736109910591e+03
2.140000000000000000e+04 5.541329905391251486e+03 0.000000000000000000e+00 5.599838091075578632e+03
2.150000000000000000e+04 5.013839219923116616e+03 0.000000000000000000e+00 6.076671682126154337e+03
2.160000000000000000e+04 4.445502684238092115e+03 0.000000000000000000e+00 6.504000925614891457e+03
2.170000000000000000e+04 3.840950320400307646e+03 0.000000000000000000e+00 6.878344532049188274e+03
2.180000000000000000e+04 3.205107187875973523e+03 0.000000000000000000e+00 7.196652867094652720e+03
2.190000000000000000e+04 2.543153260571153623e+03 0.000000000000000000e+00 7.456332795972346503e+03
2.200000000000000000e+04 1.860481227149417009e+03 0.000000000000000000e+00 7.655268808847047694e+03
2.210000000000000000e+04 1.162652558428528437e+03 0.000000000000000000e+00 7.791840255102873925e+03
2.220000000000000000e+04 4.553521997735663263e+02 0.000000000000000000e+00 7.864934546104100264e+03
2.230000000000000000e+04 -2.556577423943515441e+02 0.000000000000000000e+00 7.873956218884703048e+03
2.240000000000000000e+04 -9.645849426603684833e+02 0.000000000000000000e+00 7.818831786932217256e+03
2.250000000000000000e+04 -1.665654044816007172e+03 0.000000000000000000e+00 7.700010338554962800e+03
2.260000000000000000e+04 -2.353153711760046008e+03 0.000000000000000000e+00 7.518459877966898603e+03
2.270000000000000000e+04 -3.021483148288014036e+03 0.000000000000000000e+00 7.275659440630871359e+03
2.280000000000000000e+04 -3.665197734106281132e+03 0.000000000000000000e+00 6.973587042552490857e+03
2.290000000000000000e+04 -4.279053384672753964e+03 0.000000000000000000e+00 6.614703563931563622e+03
2.300000000000000000e+04 -4.858049267397513177e+03 0.000000000000000000e+00 6.201932701903436282e+03
2.310000000000000000e+04 -5.397468541338585055e+03 0.000000000000000000e+00 5.738637151759696280e+03
2.320000000000000000e+04 -5.892916783223166021e+03 0.000000000000000000e+00 5.228591211852953165e+03
2.330000000000000000e+04 -6.340357786759640476e+03 0.000000000000000000e+00 4.675950035382068563e+03
2.340000000000000000e+04 -6.736146443607941364e+03 0.000000000000000000e+00 4.085215779569180086e+03
2.350000000000000000e+04 -7.077058438153469069e+03 0.000000000000000000e+00 3.461200928013365228e+03
2.360000000000000000e+04 -7.360316514189093141e+03 0.000000000000000000e+00 2.808989085032124422e+03
2.370000000000000000e+04 -7.583613099539194991e+03 0.000000000000000000e+00 2.133893561393412710e+03
2.380000000000000000e+04 -7.745129104331614144e+03 0.000000000000000000e+00 1.441414088830139463e+03
2.390000000000000000e+04 -7.843548739795981419e+03 0.000000000000000000e+00 7.371920159694290078e+02
2.400000000000000000e+04 -7.878070236886281236e+03 0.000000000000000000e+00 2.696435067645199979e+01
2.410000000000000000e+04 -7.848412377427475803e+03 0.000000000000000000e+00 -6.834829767933246103e+02
2.420000000000000000e+04 -7.754816784598521735e+03 0.000000000000000000e+00 -1.388362249095468997e+03
2.430000000000000000e+04 -7.598045954109281411e+03 0.000000000000000000e+00 -2.081931111570790108e+03
2.440000000000000000e+04 -7.379377042125302978e+03 0.000000000000000000e+00 -2.758539352396760478e+03
2.450000000000000000e+04 -7.100591460559603547e+03 0.000000000000000000e+00 -3.412674932034149606e+03
2.460000000000000000e+04 -6.763960364503017445e+03 0.000000000000000000e+00 -4.039008887004454664e+03
2.470000000000000000e+04 -6.372226150026155665e+03 0.000000000000000000e+00 -4.632438742205384187e+03
2.480000000000000000e+04 -5.928580113084165532e+03 0.000000000000000000e+00 -5.188130078122604573e+03
2.490000000000000000e+04 -5.436636451525590019e+03 0.000000000000000000e+00 -5.701555914327203027e+03
2.500000000000000000e+04 -4.900402732997442399e+03 0.000000000000000000e+00 -6.168533673314624139e+03
2.510000000000000000e+04 -4.324247381968063564e+03 0.000000000000000000e+00 -6.585259118964386289e+03
2.520000000000000000e+04 -3.712864158392706486e+03 0.000000000000000000e+00 -6.948337293361513730e+03
2.530000000000000000e+04 -3.071233774174391783e+03 0.000000000000000000e+00 -7.254810321724998175e+03
2.540000000000000000e+04 -2.404583335361649461e+03 0.000000000000000000e+00 -7.502181484362626179e+03
2.550000000000000000e+04 -1.718343767913662759e+03 0.000000000000000000e+00 -7.688435546347473974e+03
2.560000000000000000e+04 -1.018105578576085804e+03 0.000000000000000000e+00 -7.812055170689984152e+03
2.570000000000000000e+04 -3.095733134755993206e+02 0.000000000000000000e+00 -7.872033277825870755e+03
2.580000000000000000e+04 4.014809134260140127e+02 0.000000000000000000e+00 -7.867881249266805753e+03
2.590000000000000000e+04 1.109264442866851823e+03 0.000000000000000000e+00 -7.799632907971978057e+03
2.600000000000000000e+04 1.808011260457082699e+03 0.000000000000000000e+00 -7.667844242763571856e+03
2.610000000000000000e+04 2.492028969914152640e+03 0.000000000000000000e+00 -7.473588878929939710e+03
2.620000000000000000e+04 3.155745166624125886e+03 0.000000000000000000e+00 -7.218449331875312055e+03
2.630000000000000000e+04 3.793752833711273070e+03 0.000000000000000000e+00 -6.904504115053246096e+03
2.640000000000000000e+04 4.400854390777248227e+03 0.000000000000000000e+00 -6.534310807204228695e+03
2.650000000000000000e+04 4.972104036454886227e+03 0.000000000000000000e+00 -6.110885216839597888e+03
2.660000000000000000e+04 5.502848039824785701e+03 0.000000000000000000e+00 -5.637676813709665112e+03
2.670000000000000000e+04 5.988762652454296585e+03 0.000000000000000000e+00 -5.118540627405964187e+03
2.680000000000000000e+04 6.425889332203196318e+03 0.000000000000000000e+00 -4.557705842028744883e+03
2.690000000000000000e+04 6.810666991840767878e+03 0.000000000000000000e+00 -3.959741342766889375e+03
2.700000000000000000e+04 7.139961009756942076e+03 0.000000000000000000e+00 -3.329518495069141409e+03
2.710000000000000000e+04 7.411088766428370036e+03 0.000000000000000000e+00 -2.672171459630632853e+03
2.720000000000000000e+04 7.621841498603788750e+03 0.000000000000000000e+00 -1.993055366493520523e+03
2.730000000000000000e+04 7.770502293171351994e+03 0.000000000000000000e+00 -1.297702689001528142e+03
2.740000000000000000e+04 7.855860074119296769e+03 0.000000000000000000e+00 -5.917781730132727489e+02
2.750000000000000000e+04 7.877219468644203516e+03 0.000000000000000000e+00 1.189673114510484311e+02
2.760000000000000000e+04 7.834406472032283091e+03 0.000000000000000000e+00 8.287436201766100794e+02
2.770000000000000000e+04 7.727769865165012561e+03 0.000000000000000000e+00 1.531768504665893715e+03
2.780000000000000000e+04 7.558178373102329715e+03 0.000000000000000000e+00 2.222314717720643785e+03
2.790000000000000000e+04 7.327013587892456599e+03 0.000000000000000000e+00 2.894756670943143035e+03
2.800000000000000000e+04 7.036158713264710059e+03 0.000000000000000000e+00 3.543616264056649470e+03
2.810000000000000000e+04 6.687983222899182692e+03 0.000000000000000000e+00 4.163607512691940428e+03
2.820000000000000000e+04 6.285323557257662287e+03 0.000000000000000000e+00 4.749679611075575849e+03
2.830000000000000000e+04 5.831460016232416820e+03 0.000000000000000000e+00 5.297058078805985133e+03
2.840000000000000000e+04 5.330090035860566786e+03 0.000000000000000000e+00 5.801283656511912341e+03
2.850000000000000000e+04 4.785298066809236843e+03 0.000000000000000000e+00 6.258248633526965932e+03
2.860000000000000000e+04 4.201522300020556031e+03 0.000000000000000000e+00 6.664230311634600184e+03
2.870000000000000000e+04 3.583518510590323331e+03 0.000000000000000000e+00 7.015921332269351296e+03
2.880000000000000000e+04 2.936321314430525945e+03 0.000000000000000000e+00 7.310456620112518976e+03
2.890000000000000000e+04 2.265203153342667974e+03 0.000000000000000000e+00 7.545436723585516120e+03
2.900000000000000000e+04 1.575631342634317662e+03 0.000000000000000000e+00 7.718947362097251244e+03
2.910000000000000000e+04 8.732235311946694765e+02 0.000000000000000000e+00 7.829575020804049018e+03
2.920000000000000000e+04 1.637019368776707324e+02 0.000000000000000000e+00 7.876418465839962664e+03
2.930000000000000000e+04 -5.471532699819726986e+02 0.000000000000000000e+00 7.859096086209618079e+03
2.940000000000000000e+04 -1.253551055155085805e+03 0.000000000000000000e+00 7.777749002534153988e+03
2.950000000000000000e+04 -1.949736697596056729e+03 0.000000000000000000e+00 7.633039917326481373e+03
2.960000000000000000e+04 -2.630038670681436997e+03 0.000000000000000000e+00 7.426147716163958648e+03
2.970000000000000000e+04 -3.288914845688277637e+03 0.000000000000000000e+00 7.158757863742127483e+03
2.980000000000000000e+04 -3.920997641113039208e+03 0.000000000000000000e+00 6.833048673050331672e+03
2.990000000000000000e+04 -4.521137750019928717e+03 0.000000000000000000e+00 6.451673559529786871e+03
3.000000000000000000e+04 -5.084446089191883402e+03 0.000000000000000000e+00 6.017739424783114373e+03
3.010000000000000000e+04 -5.606333628343812961e+03 0.000000000000000000e+00 5.534781345935019090e+03
3.020000000000000000e+04 -6.082548774928031889e+03 0.000000000000000000e+00 5.006733776839846541e+03
3.030000000000000000e+04 -6.509212009975475667e+03 0.000000000000000000e+00 4.437898495747986999e+03
3.040000000000000000e+04 -6.882847492810944459e+03 0.000000000000000000e+00 3.832909560548054742e+03
3.050000000000000000e+04 -7.200411377173927576e+03 0.000000000000000000e+00 3.196695557079515766e+03
3.060000000000000000e+04 -7.459316608067302695e+03 0.000000000000000000e+00 2.534439448062380507e+03
3.070000000000000000e+04 -7.657453997326118042e+03 0.000000000000000000e+00 1.851536349737089495e+03
3.080000000000000000e+04 -7.793209406214262344e+03 0.000000000000000000e+00 1.153549580189555400e+03
3.090000000000000000e+04 -7.865476895071053150e+03 0.000000000000000000e+00 4.461653374159610621e+02
3.100000000000000000e+04 -7.873667732884337056e+03 0.000000000000000000e+00 -2.648536236553359231e+02
3.110000000000000000e+04 -7.817715193393924892e+03 0.000000000000000000e+00 -9.737149378125269550e+02
3.120000000000000000e+04 -7.698075098654297108e+03 0.000000000000000000e+00 -1.674643817426779606e+03
3.130000000000000000e+04 -7.515722105628951795e+03 0.000000000000000000e+00 -2.361930097118429785e+03
3.140000000000000000e+04 -7.272141766068230936e+03 0.000000000000000000e+00 -3.029974751971648857e+03
3.150000000000000000e+04 -6.969318424355474235e+03 0.000000000000000000e+00 -3.673335510335086383e+03
3.160000000000000000e+04 -6.609719051912438772e+03 0.000000000000000000e+00 -4.286771189621995291e+03
3.170000000000000000e+04 -6.196273149857791395e+03 0.000000000000000000e+00 -4.865284393926477605e+03
3.180000000000000000e+04 -5.732348883642544934e+03 0.000000000000000000e+00 -5.404162225617987133e+03
3.190000000000000000e+04 -5.221725644082584040e+03 0.000000000000000000e+00 -5.899014679255386909e+03
3.200000000000000000e+04 -4.668563258320863497e+03 0.000000000000000000e+00 -6.345810405042881030e+03
3.210000000000000000e+04 -4.077368101543303055e+03 0.000000000000000000e+00 -6.740909550479184873e+03
3.220000000000000000e+04 -3.452956385520509230e+03 0.000000000000000000e+00 -7.081093412653836822e+03
3.230000000000000000e+04 -2.800414923046542299e+03 0.000000000000000000e+00 -7.363590659626645902e+03
3.240000000000000000e+04 -2.125059687908682463e+03 0.000000000000000000e+00 -7.586099907276285194e+03
3.250000000000000000e+04 -1.432392507980959635e+03 0.000000000000000000e+00 -7.746808467694236242e+03
3.260000000000000000e+04 -7.280562442428649774e+02 0.000000000000000000e+00 -7.844407116388882969e+03
3.270000000000000000e+04 -1.778882085920622558e+01 0.000000000000000000e+00 -7.878100757997361143e+03
3.280000000000000000e+04 6.926235191829597397e+02 0.000000000000000000e+00 -7.847614903615684852e+03
3.290000000000000000e+04 1.397393352075229586e+03 0.000000000000000000e+00 -7.753197906978411993e+03
3.300000000000000000e+04 2.090779220814590190e+03 0.000000000000000000e+00 -7.595618941269781317e+03
3.310000000000000000e+04 2.767132408365423544e+03 0.000000000000000000e+00 -7.376161733047332746e+03
3.320000000000000000e+04 3.420942955316642838e+03 0.000000000000000000e+00 -7.096614104323885840e+03
3.330000000000000000e+04 4.046884547148418278e+03 0.000000000000000000e+00 -6.759253408002770811e+03
3.340000000000000000e+04 4.639857905431550535e+03 0.000000000000000000e+00 -6.366827975316229640e+03
3.350000000000000000e+04 5.195032329470150216e+03 0.000000000000000000e+00 -5.922534726405348920e+03
3.360000000000000000e+04 5.707885049965629150e+03 0.000000000000000000e+00 -5.429993126437129831e+03
3.370000000000000000e+04 6.174238074104288899e+03 0.000000000000000000e+00 -4.893215699425638377e+03
3.380000000000000000e+04 6.590292221906900522e+03 0.000000000000000000e+00 -4.316575339967168475e+03
3.390000000000000000e+04 6.952658076560039262e+03 0.000000000000000000e+00 -3.704769689185445714e+03
3.400000000000000000e+04 7.258383596589217632e+03 0.000000000000000000e+00 -3.062782865099624814e+03
3.410000000000000000e+04 7.504978164928240403e+03 0.000000000000000000e+00 -2.395844859180391722e+03
3.420000000000000000e+04 7.690432878966133103e+03 0.000000000000000000e+00 -1.709388929872185827e+03
3.430000000000000000e+04 7.813236916276034208e+03 0.000000000000000000e+00 -1.009007340177620449e+03
3.440000000000000000e+04 7.872389842700072222e+03 0.000000000000000000e+00 -3.004057998906001785e+02
3.450000000000000000e+04 7.867409762520098411e+03 0.000000000000000000e+00 4.106430163824821875e+02
3.460000000000000000e+04 7.798337244316855504e+03 0.000000000000000000e+00 1.118346496744698470e+03
3.470000000000000000e+04 7.665734990533846030e+03 0.000000000000000000e+00 1.816939281960386779e+03
3.480000000000000000e+04 7.470683253436407540e+03 0.000000000000000000e+00 2.500730233400036013e+03
3.490000000000000000e+04 7.214771034808900367e+03 0.000000000000000000e+00 3.164148796349865279e+03
3.500000000000000000e+04 6.900083141081086069e+03 0.000000000000000000e+00 3.801790380983222803e+03
3.510000000000000000e+04 6.529183199338980558e+03 0.000000000000000000e+00 4.408460391293436260e+03
3.520000000000000000e+04 6.105092772580561359e+03 0.000000000000000000e+00 4.979216543302071841e+03
3.530000000000000000e+04 5.631266744354690672e+03 0.000000000000000000e+00 5.509409127792978325e+03
3.540000000000000000e+04 5.111565173313558262e+03 0.000000000000000000e+00 5.994718889567454426e+03
3.550000000000000000e+04 4.550221846967272540e+03 0.000000000000000000e+00 6.431192214633012554e+03
3.560000000000000000e+04 3.951809790819642785e+03 0.000000000000000000e+00 6.815273338669278019e+03
3.570000000000000000e+04 3.321204013867625690e+03 0.000000000000000000e+00 7.143833314380970478e+03
3.580000000000000000e+04 2.663541793961307121e+03 0.000000000000000000e+00 7.414195501751904885e+03
3.590000000000000000e+04 1.984180826563196888e+03 0.000000000000000000e+00 7.624157373540463595e+03
3.600000000000000000e+04 1.288655577851794533e+03 0.000000000000000000e+00 7.772008458375260489e+03
3.610000000000000000e+04 5.826321977429987555e+02 0.000000000000000000e+00 7.856544275275168729e+03
3.620000000000000000e+04 -1.281376398651747195e+02 0.000000000000000000e+00 7.877076146074198732e+03
3.630000000000000000e+04 -8.378635935795196019e+02 0.000000000000000000e+00 7.833436805812858438e+03
3.640000000000000000e+04 -1.540763826009093918e+03 0.000000000000000000e+00 7.725981765389979955e+03
3.650000000000000000e+04 -2.231112105985762810e+03 0.000000000000000000e+00 7.555586415373754789e+03
3.660000000000000000e+04 -2.903284457784730876e+03 0.000000000000000000e+00 7.323638894565880946e+03
3.670000000000000000e+04 -3.551804977312368010e+03 0.000000000000000000e+00 7.032028781415705453e+03
3.680000000000000000e+04 -4.171390442015032932e+03 0.000000000000000000e+00 6.683131700410908707e+03
3.690000000000000000e+04 -4.756993351089713542e+03 0.000000000000000000e+00 6.279789968850442165e+03
3.700000000000000000e+04 -5.303843045365068065e+03 0.000000000000000000e+00 5.825289441662929676e+03
3.710000000000000000e+04 -5.807484571865688849e+03 0.000000000000000000e+00 5.323332742906817657e+03
3.720000000000000000e+04 -6.263814976445670254e+03 0.000000000000000000e+00 4.778009102024871027e+03
3.730000000000000000e+04 -6.669116728830172178e+03 0.000000000000000000e+00 4.193761040585356568e+03
3.740000000000000000e+04 -7.020088007764891699e+03 0.000000000000000000e+00 3.575348180900078205e+03
3.750000000000000000e+04 -7.313869599552951513e+03 0.000000000000000000e+00 2.927808471356337577e+03
3.760000000000000000e+04 -7.548068190848184713e+03 0.000000000000000000e+00 2.256417144344849021e+03
3.770000000000000000e+04 -7.720775865948483442e+03 0.000000000000000000e+00 1.566643741137199413e+03
3.780000000000000000e+04 -7.830585649753387770e+03 0.000000000000000000e+00 8.641075538141441257e+02
3.790000000000000000e+04 -7.876602969764588124e+03 0.000000000000000000e+00 1.545318472415725637e+02
3.800000000000000000e+04 -7.858452943754005901e+03 0.000000000000000000e+00 -5.563027659707003068e+02
3.810000000000000000e+04 -7.776283433730778597e+03 0.000000000000000000e+00 -1.262605417691992898e+03
3.820000000000000000e+04 -7.630763841328791386e+03 0.000000000000000000e+00 -1.958622160034567287e+03
3.830000000000000000e+04 -7.423079654429317998e+03 0.000000000000000000e+00 -2.638682840336688059e+03
3.840000000000000000e+04 -7.154922789446311981e+03 0.000000000000000000e+00 -3.297247293493946017e+03
3.850000000000000000e+04 -6.828477807952875992e+03 0.000000000000000000e+00 -3.928950475329324036e+03
3.860000000000000000e+04 -6.446404119937447831e+03 0.000000000000000000e+00 -4.528646169319598812e+03
3.870000000000000000e+04 -6.011814318673448724e+03 0.000000000000000000e+00 -5.091448910618111768e+03
3.880000000000000000e+04 -5.528248823700191679e+03 0.000000000000000000e+00 -5.612773785837075593e+03
3.890000000000000000e+04 -4.999647038489030820e+03 0.000000000000000000e+00 -6.088373784358039302e+03
3.900000000000000000e+04 -4.430315257762003057e+03 0.000000000000000000e+00 -6.514374396885966235e+03
3.910000000000000000e+04 -3.824891585909290825e+03 0.000000000000000000e+00 -6.887305179388056786e+03
3.920000000000000000e+04 -3.188308152300997790e+03 0.000000000000000000e+00 -7.204128025280295333e+03
3.930000000000000000e+04 -2.525750931309623866e+03 0.000000000000000000e+00 -7.462261915541312192e+03
3.940000000000000000e+04 -1.842617494372847432e+03 0.000000000000000000e+00 -7.659603945126053077e+03
3.950000000000000000e+04 -1.144473038272838949e+03 0.000000000000000000e+00 -7.794546454387190352e+03
3.960000000000000000e+04 -4.370050478510680705e+02 0.000000000000000000e+00 -7.865990125943083513e+03
3.970000000000000000e+04 2.740230374979427097e+02 0.000000000000000000e+00 -7.873352940298874273e+03
3.980000000000000000e+04 9.828187760948575260e+02 0.000000000000000000e+00 -7.816574917264236319e+03
3.990000000000000000e+04 1.683607912506075081e+03 0.000000000000000000e+00 -7.696118604542561116e+03
4.000000000000000000e+04 2.370681417912336201e+03 0.000000000000000000e+00 -7.512965309512255772e+03
4.010000000000000000e+04 3.038441999098290125e+03 0.000000000000000000e+00 -7.268607104899116166e+03
4.020000000000000000e+04 3.681449697174963148e+03 0.000000000000000000e+00 -6.965034673466931963e+03
4.030000000000000000e+04 4.294466204562729217e+03 0.000000000000000000e+00 -6.604721090751062547e+03
4.040000000000000000e+04 4.872497539204251552e+03 0.000000000000000000e+00 -6.190601677950618978e+03
4.050000000000000000e+04 5.410834728359849578e+03 0.000000000000000000e+00 -5.726050089109450710e+03
4.060000000000000000e+04 5.905092170552876269e+03 0.000000000000000000e+00 -5.214850827393618601e+03
4.070000000000000000e+04 6.351243363147792479e+03 0.000000000000000000e+00 -4.661168414363498414e+03
4.080000000000000000e+04 6.745653704504688903e+03 0.000000000000000000e+00 -4.069513463405103266e+03
4.090000000000000000e+04 7.085110103486113076e+03 0.000000000000000000e+00 -3.444705933705566167e+03
4.100000000000000000e+04 7.366847155101154385e+03 0.000000000000000000e+00 -2.791835864126469005e+03
4.110000000000000000e+04 7.588569669045834416e+03 0.000000000000000000e+00 -2.116221906858766488e+03
4.120000000000000000e+04 7.748471367610162815e+03 0.000000000000000000e+00 -1.423367998667178654e+03
4.130000000000000000e+04 7.845249600628611915e+03 0.000000000000000000e+00 -7.189185227040843529e+02
4.140000000000000000e+04 7.878115957598078239e+03 0.000000000000000000e+00 -8.612326169559196387e+00
4.150000000000000000e+04 7.846802690511279252e+03 0.000000000000000000e+00 7.017640315849311037e+02
4.160000000000000000e+04 7.751564895081689428e+03 0.000000000000000000e+00 1.406423419642450881e+03
4.170000000000000000e+04 7.593178432590538250e+03 0.000000000000000000e+00 2.099625280762926195e+03
4.180000000000000000e+04 7.372933609285572857e+03 0.000000000000000000e+00 2.775722397210739018e+03
4.190000000000000000e+04 7.092624664822546038e+03 0.000000000000000000e+00 3.429206896187328766e+03
4.200000000000000000e+04 6.754535155382196535e+03 0.000000000000000000e+00 4.054755120083102611e+03
4.210000000000000000e+04 6.361419350539666084e+03 0.000000000000000000e+00 4.647270996010713134e+03
4.220000000000000000e+04 5.916479795437456232e+03 0.000000000000000000e+00 5.201927551307378963e+03
4.230000000000000000e+04 5.423341221052540277e+03 0.000000000000000000e+00 5.714206236797806923e+03
4.240000000000000000e+04 4.886021015098685893e+03 0.000000000000000000e+00 6.179933737468387335e+03
4.250000000000000000e+04 4.308896494124026503e+03 0.000000000000000000e+00 6.595315970672194453e+03
4.260000000000000000e+04 3.696669243423149510e+03 0.000000000000000000e+00 6.956968994896144068e+03
4.270000000000000000e+04 3.054326815270236693e+03 0.000000000000000000e+00 7.261946577289855668e+03
4.280000000000000000e+04 2.387102097500407581e+03 0.000000000000000000e+00 7.507764195375262716e+03
4.290000000000000000e+04 1.700430683445130171e+03 0.000000000000000000e+00 7.692419277405052526e+03
4.300000000000000000e+04 9.999065905097185123e+02 0.000000000000000000e+00 7.814407516480017875e+03
4.310000000000000000e+04 2.912366881339191877e+02 0.000000000000000000e+00 7.872735125520660404e+03
4.320000000000000000e+04 -4.198057936092235423e+02 0.000000000000000000e+00 7.866926933256407210e+03
4.330000000000000000e+04 -1.127428296031278478e+03 0.000000000000000000e+00 7.797030255277133620e+03
4.340000000000000000e+04 -1.825866121313876192e+03 0.000000000000000000e+00 7.663614508610370649e+03
4.350000000000000000e+04 -2.509429395029502757e+03 0.000000000000000000e+00 7.467766572963173530e+03
4.360000000000000000e+04 -3.172549419114290686e+03 0.000000000000000000e+00 7.211081936417694124e+03
4.370000000000000000e+04 -3.809824037675035015e+03 0.000000000000000000e+00 6.895651697711723500e+03
4.380000000000000000e+04 -4.416061646054535231e+03 0.000000000000000000e+00 6.524045530990098086e+03
4.390000000000000000e+04 -4.986323484632002874e+03 0.000000000000000000e+00 6.099290751804915089e+03
4.400000000000000000e+04 -5.515963872808676570e+03 0.000000000000000000e+00 5.624847654903991497e+03
4.410000000000000000e+04 -6.000668055409055341e+03 0.000000000000000000e+00 5.104581324719232725e+03
4.420000000000000000e+04 -6.436487353178694320e+03 0.000000000000000000e+00 4.542730148202046621e+03
4.430000000000000000e+04 -6.819871331021757214e+03 0.000000000000000000e+00 3.943871286517623957e+03
4.440000000000000000e+04 -7.147696721916619026e+03 0.000000000000000000e+00 3.312883386884899664e+03
4.450000000000000000e+04 -7.417292870877864516e+03 0.000000000000000000e+00 2.654906838332489315e+03
4.460000000000000000e+04 -7.626463491682648964e+03 0.000000000000000000e+00 1.975301895149708798e+03
4.470000000000000000e+04 -7.773504559117701319e+03 0.000000000000000000e+00 1.279605009182905405e+03
4.480000000000000000e+04 -7.857218190985506226e+03 0.000000000000000000e+00 5.734837267192517629e+02
4.490000000000000000e+04 -7.876922406777929609e+03 0.000000000000000000e+00 -1.373094826060029163e+02
4.500000000000000000e+04 -7.832456683516621524e+03 0.000000000000000000e+00 -8.469840887423353024e+02
4.510000000000000000e+04 -7.724183263498282940e+03 0.000000000000000000e+00 -1.549758674224056222e+03
4.520000000000000000e+04 -7.552984203290366167e+03 0.000000000000000000e+00 -2.239908032938858014e+03
4.530000000000000000e+04 -7.320254188017116576e+03 0.000000000000000000e+00 -2.911809810970562921e+03
4.540000000000000000e+04 -7.027889169474315167e+03 0.000000000000000000e+00 -3.559990309552255894e+03
4.550000000000000000e+04 -6.678270920632724483e+03 0.000000000000000000e+00 -4.179169076991845031e+03
4.560000000000000000e+04 -6.274247632357800285e+03 0.000000000000000000e+00 -4.764301926297755926e+03
4.570000000000000000e+04 -5.819110710415756330e+03 0.000000000000000000e+00 -5.310622028057590796e+03
4.580000000000000000e+04 -5.316567961790852678e+03 0.000000000000000000e+00 -5.813678743802644931e+03
4.590000000000000000e+04 -4.770713388753678373e+03 0.000000000000000000e+00 -6.269373883498509713e+03
4.600000000000000000e+04 -4.185993836755544180e+03 0.000000000000000000e+00 -6.673995091786550802e+03
4.610000000000000000e+04 -3.567172767854757694e+03 0.000000000000000000e+00 -7.024246090991951860e+03
4.620000000000000000e+04 -2.919291454797769802e+03 0.000000000000000000e+00 -7.317273534520678368e+03
4.630000000000000000e+04 -2.247627911891086114e+03 0.000000000000000000e+00 -7.550690251881522272e+03
4.640000000000000000e+04 -1.557653897237356432e+03 0.000000000000000000e+00 -7.722594695965384744e+03
4.650000000000000000e+04 -8.549903366208903890e+02 0.000000000000000000e+00 -7.831586434152674883e+03
4.660000000000000000e+04 -1.453615321860520453e+02 0.000000000000000000e+00 -7.876777557049074858e+03
4.670000000000000000e+04 5.654514710481992097e+02 0.000000000000000000e+00 -7.857799911907401111e+03
4.680000000000000000e+04 1.271657980933601266e+03 0.000000000000000000e+00 -7.774808101807941057e+03
4.690000000000000000e+04 1.967504832527867393e+03 0.000000000000000000e+00 -7.628478226164333137e+03
4.700000000000000000e+04 2.647323256709896214e+03 0.000000000000000000e+00 -7.420002372815815761e+03
4.710000000000000000e+04 3.305575061255487981e+03 0.000000000000000000e+00 -7.151078906576800364e+03
4.720000000000000000e+04 3.936897748155302907e+03 0.000000000000000000e+00 -6.823898633359322957e+03
4.730000000000000000e+04 4.536148199622868560e+03 0.000000000000000000e+00 -6.441126952583973434e+03
4.740000000000000000e+04 5.098444576900818902e+03 0.000000000000000000e+00 -6.005882143276706302e+03
4.750000000000000000e+04 5.619206090533247334e+03 0.000000000000000000e+00 -5.521709960746207798e+03
4.760000000000000000e+04 6.094190318112420755e+03 0.000000000000000000e+00 -4.992554750792686718e+03
4.770000000000000000e+04 6.519527765487931902e+03 0.000000000000000000e+00 -4.422727316769161916e+03
4.780000000000000000e+04 6.891753389882834199e+03 0.000000000000000000e+00 -3.816869801269464460e+03
4.790000000000000000e+04 7.207834828111483148e+03 0.000000000000000000e+00 -3.179917868537722370e+03
4.800000000000000000e+04 7.465197099936069208e+03 0.000000000000000000e+00 -2.517060495683931094e+03
4.810000000000000000e+04 7.661743585314501615e+03 0.000000000000000000e+00 -1.833697700270206951e+03
4.820000000000000000e+04 7.795873104647423133e+03 0.000000000000000000e+00 -1.135396548643750521e+03
4.830000000000000000e+04 7.866492962879445258e+03 0.000000000000000000e+00 -4.278458033984893518e+02
4.840000000000000000e+04 7.873027851190544425e+03 0.000000000000000000e+00 2.831904205662913228e+02
4.850000000000000000e+04 7.815424533760051418e+03 0.000000000000000000e+00 9.919196138455998835e+02
4.860000000000000000e+04 7.694152281422968372e+03 0.000000000000000000e+00 1.692568061641215081e+03
4.870000000000000000e+04 7.510199048686596143e+03 0.000000000000000000e+00 2.379427879757251503e+03
4.880000000000000000e+04 7.265063425252515117e+03 0.000000000000000000e+00 3.046903514296586309e+03
4.890000000000000000e+04 6.960742427612258325e+03 0.000000000000000000e+00 3.689557326245038894e+03
4.900000000000000000e+04 6.599715230174113458e+03 0.000000000000000000e+00 4.302153889585359138e+03
4.910000000000000000e+04 6.184922968457371098e+03 0.000000000000000000e+00 4.879702642063512030e+03
4.920000000000000000e+04 5.719744778889456938e+03 0.000000000000000000e+00 5.417498541150092933e+03
4.930000000000000000e+04 5.207970270400091067e+03 0.000000000000000000e+00 5.911160393990635384e+03
4.940000000000000000e+04 4.653768652075170394e+03 0.000000000000000000e+00 6.356666549087665771e+03
4.950000000000000000e+04 4.061654768374595278e+03 0.000000000000000000e+00 6.750387658950282457e+03
4.960000000000000000e+04 3.436452318610941802e+03 0.000000000000000000e+00 7.089116246808646792e+03
4.970000000000000000e+04 2.783254560324356135e+03 0.000000000000000000e+00 7.370092836526751853e+03
4.980000000000000000e+04 2.107382816686580554e+03 0.000000000000000000e+00 7.591028432844972485e+03
4.990000000000000000e+04 1.414343125956521362e+03 0.000000000000000000e+00 7.750123168816236102e+03
5.000000000000000000e+04 7.097813861455758797e+02 0.000000000000000000e+00 7.846080968523835509e+03
5.010000000000000000e+04 -5.626396902919168497e-01 0.000000000000000000e+00 7.878120105630692706e+03
5.020000000000000000e+04 -7.109020828328560810e+02 0.000000000000000000e+00 7.845979571744723216e+03
5.030000000000000000e+04 -1.415450112030051059e+03 0.000000000000000000e+00 7.749921202720517613e+03
5.040000000000000000e+04 -2.108467076316120256e+03 0.000000000000000000e+00 7.590727545575769909e+03
5.050000000000000000e+04 -2.784307263471666829e+03 0.000000000000000000e+00 7.369695483400173543e+03
5.060000000000000000e+04 -3.437464893203064548e+03 0.000000000000000000e+00 7.088625670192226607e+03
5.070000000000000000e+04 -4.062618970355115380e+03 0.000000000000000000e+00 6.749807861694025632e+03
5.080000000000000000e+04 -4.654676632757703373e+03 0.000000000000000000e+00 6.356002261727551740e+03
5.090000000000000000e+04 -5.208814640570745723e+03 0.000000000000000000e+00 5.910417035995862534e+03
5.100000000000000000e+04 -5.720518669132166906e+03 0.000000000000000000e+00 5.416682176534519385e+03
5.110000000000000000e+04 -6.185620085207497141e+03 0.000000000000000000e+00 4.878819929728171701e+03
5.120000000000000000e+04 -6.600329907041307706e+03 0.000000000000000000e+00 4.301212028802282475e+03
5.130000000000000000e+04 -6.961269671553000080e+03 0.000000000000000000e+00 3.688563997732479038e+03
5.140000000000000000e+04 -7.265498957215567316e+03 0.000000000000000000e+00 3.045866817371841535e+03
5.150000000000000000e+04 -7.510539338400572888e+03 0.000000000000000000e+00 2.378356266085252173e+03
5.160000000000000000e+04 -7.694394576043843699e+03 0.000000000000000000e+00 1.691470266124690397e+03
5.170000000000000000e+04 -7.815566880147336633e+03 0.000000000000000000e+00 9.908045832256834728e+02
5.180000000000000000e+04 -7.873069111633635657e+03 0.000000000000000000e+00 2.820672403207188381e+02
5.190000000000000000e+04 -7.866432824149765111e+03 0.000000000000000000e+00 -4.289679832590501292e+02
5.200000000000000000e+04 -7.795712080307084761e+03 0.000000000000000000e+00 -1.136508588272322186e+03
5.210000000000000000e+04 -7.661483011267770053e+03 0.000000000000000000e+00 -1.834790544560841681e+03
5.220000000000000000e+04 -7.464839123265452145e+03 0.000000000000000000e+00 -2.518125248119288699e+03
5.230000000000000000e+04 -7.207382389295389657e+03 0.000000000000000000e+00 -3.180945863703211216e+03
5.240000000000000000e+04 -6.891210198545908497e+03 0.000000000000000000e+00 -3.817852675442038617e+03
5.250000000000000000e+04 -6.518898269887986316e+03 0.000000000000000000e+00 -4.423657076005491035e+03
5.260000000000000000e+04 -6.093479668618897449e+03 0.000000000000000000e+00 -4.993423835962747035e+03
5.270000000000000000e+04 -5.618420097400926352e+03 0.000000000000000000e+00 -5.522511308984157949e+03
5.280000000000000000e+04 -5.097589662688669705e+03 0.000000000000000000e+00 -6.006609245351024583e+03
5.290000000000000000e+04 -4.535231346651123204e+03 0.000000000000000000e+00 -6.441773905722927339e+03
