0.000000000000000000e+00 0.000000000000000000e+00 0.000000000000000000e+00
0.000000000000000000e+00 -7.292114999999999188e-03 1.098541914999655866e-01
1.000000000000000000e+02 -1.458423000000000011e-02 2.083474856250868978e-01
2.000000000000000000e+02 -2.187634500000000190e-02 3.075298185340445412e-01
3.000000000000000000e+02 -2.916845999999999675e-02 4.065677454772084198e-01
4.000000000000000000e+02 -3.646057500000000895e-02 5.054673696974617547e-01
5.000000000000000000e+02 -4.375269000000000380e-02 6.042360977587735160e-01
6.000000000000000000e+02 -5.104480500000001253e-02 7.028825569240695348e-01
7.000000000000000000e+02 -5.833692000000001432e-02 8.014165034771048024e-01
8.000000000000000000e+02 -6.562903499999998835e-02 8.998487230912035617e-01
9.000000000000000000e+02 -7.292115000000000402e-02 9.981909243039660540e-01
1.000000000000000000e+03 -8.021326500000000581e-02 1.096455626103513659e+00
1.100000000000000000e+03 -8.750538000000000760e-02 1.195122061717336814e+00
1.200000000000000000e+03 -9.479749500000002327e-02 1.294399814816365346e+00
1.300000000000000000e+03 -1.020896099999999973e-01 1.393892529613788289e+00
1.400000000000000000e+03 -1.093817250000000130e-01 1.493383340097662604e+00
1.500000000000000000e+03 3.024918813589793309e+00 1.548851551221289036e+00
1.600000000000000000e+03 3.017626698589793044e+00 1.449725135996328795e+00
1.700000000000000000e+03 3.010334583589793223e+00 1.350898902430356152e+00
1.800000000000000000e+03 3.003042468589793401e+00 1.252413991926276671e+00
1.900000000000000000e+03 2.995750353589793136e+00 1.154307465372899522e+00
2.000000000000000000e+03 2.988458238589793314e+00 1.056611967680394670e+00
2.100000000000000000e+03 2.981166123589793493e+00 9.593554736681013662e-01
2.200000000000000000e+03 2.973874008589793227e+00 8.625611144774493200e-01
2.300000000000000000e+03 2.966581893589793406e+00 7.662470813838313521e-01
2.400000000000000000e+03 2.959289778589793141e+00 6.704266019640680030e-01
2.500000000000000000e+03 2.951997663589793319e+00 5.751079820896862760e-01
2.600000000000000000e+03 2.944705548589793498e+00 4.802947061763929160e-01
2.700000000000000000e+03 2.937413433589793232e+00 3.859855875134657888e-01
2.800000000000000000e+03 2.930121318589793411e+00 2.921749602869255780e-01
2.900000000000000000e+03 2.922829203589793146e+00 1.988529050445934088e-01
3.000000000000000000e+03 2.915537088589793324e+00 1.060054997673092470e-01
3.100000000000000000e+03 2.908244973589793503e+00 1.361508934309346372e-02
3.200000000000000000e+03 2.900952858589793237e+00 -7.833943297419897200e-02
3.300000000000000000e+03 2.893660743589793416e+00 -1.698823376619160719e-01
3.400000000000000000e+03 2.886368628589793595e+00 -2.610407692008991365e-01
3.500000000000000000e+03 2.879076513589793329e+00 -3.518444582217953309e-01
3.600000000000000000e+03 2.871784398589793508e+00 -4.423254383362047459e-01
3.700000000000000000e+03 2.864492283589793686e+00 -5.325177696325988919e-01
3.800000000000000000e+03 2.857200168589793421e+00 -6.224572700595942809e-01
3.900000000000000000e+03 2.849908053589793600e+00 -7.121812552452009282e-01
4.000000000000000000e+03 2.842615938589793334e+00 -8.020807361328239349e-01
4.100000000000000000e+03 2.835323823589793513e+00 -8.921777381779847360e-01
4.200000000000000000e+03 2.828031708589793691e+00 -9.821357782682823556e-01
4.300000000000000000e+03 2.820739593589793426e+00 -1.071973889755811316e+00
4.400000000000000000e+03 2.813447478589793604e+00 -1.161892719779805461e+00
4.500000000000000000e+03 2.806155363589793339e+00 -1.251904218601450847e+00
4.600000000000000000e+03 2.798863248589793518e+00 -1.341836228360776762e+00
4.700000000000000000e+03 2.791571133589793696e+00 -1.431698900678197495e+00
4.800000000000000000e+03 2.784279018589793431e+00 -1.521502903405001605e+00
4.900000000000000000e+03 -3.646057499999996176e-01 -1.530242225204272444e+00
5.000000000000000000e+03 -3.718978649999996056e-01 -1.440343904928314434e+00
5.100000000000000000e+03 -3.791899799999995935e-01 -1.350480405938426554e+00
5.200000000000000000e+03 -3.864820949999996369e-01 -1.260601518898117224e+00
5.300000000000000000e+03 -3.937742099999996248e-01 -1.170702865675867788e+00
5.400000000000000000e+03 -4.010663249999995572e-01 -1.080824970521939932e+00
5.500000000000000000e+03 -4.083584399999995451e-01 -9.909427628171555424e-01
5.600000000000000000e+03 -4.156505549999995330e-01 -9.010431827338554189e-01
5.700000000000000000e+03 -4.229426699999995765e-01 -8.111452022912201132e-01
5.800000000000000000e+03 -4.302347849999995089e-01 -7.212518981363136295e-01
5.900000000000000000e+03 -4.375268999999995523e-01 -6.313589934980639029e-01
6.000000000000000000e+03 -4.448190149999995957e-01 -5.414683273862839208e-01
6.100000000000000000e+03 -4.521111299999994726e-01 -4.515797821159970860e-01
6.200000000000000000e+03 -4.594032449999994050e-01 -3.616923054432944484e-01
6.300000000000000000e+03 -4.666953599999994484e-01 -2.718044064300140783e-01
6.400000000000000000e+03 -4.739874749999994363e-01 -1.819143991264768334e-01
6.500000000000000000e+03 -4.812795899999994242e-01 -9.202052437087698822e-02
6.600000000000000000e+03 -4.885717049999994122e-01 -2.121013488986299086e-03
6.700000000000000000e+03 -4.958638199999994001e-01 8.778587520016098433e-02
6.800000000000000000e+03 -5.031559349999994435e-01 1.777018300509683735e-01
6.900000000000000000e+03 -5.104480499999994869e-01 2.676284715472794784e-01
7.000000000000000000e+03 -5.177401649999995303e-01 3.575673392977083975e-01
7.100000000000000000e+03 -5.250322799999995738e-01 4.475198752182454887e-01
7.200000000000000000e+03 -5.323243949999996172e-01 5.374874118904747755e-01
7.300000000000000000e+03 -5.396165099999996606e-01 6.274711617564761035e-01
7.400000000000000000e+03 -5.469086249999997040e-01 7.174722072377222037e-01
7.500000000000000000e+03 -5.542007399999997475e-01 8.074914918594084945e-01
7.600000000000000000e+03 -5.614928549999997909e-01 8.975298124551013279e-01
7.700000000000000000e+03 -5.687849699999998343e-01 9.875878125193250368e-01
7.800000000000000000e+03 -5.760770849999998777e-01 1.077665976767788081e+00
7.900000000000000000e+03 -5.833691999999999211e-01 1.167764626956337093e+00
8.000000000000000000e+03 -5.906613149999999646e-01 1.257883919000506001e+00
8.100000000000000000e+03 -5.979534299999998970e-01 1.348023841427701708e+00
8.200000000000000000e+03 -6.052455450000000514e-01 1.438184215183713643e+00
8.300000000000000000e+03 -6.125376600000000948e-01 1.528364694804399626e+00
8.400000000000000000e+03 2.521762878589793200e+00 1.523027882637590036e+00
8.500000000000000000e+03 2.514470763589792934e+00 1.432808879284179771e+00
8.600000000000000000e+03 2.507178648589793113e+00 1.342571772811800734e+00
8.700000000000000000e+03 2.499886533589792847e+00 1.252317535559334338e+00
8.800000000000000000e+03 2.492594418589793026e+00 1.162047280358101231e+00
8.900000000000000000e+03 2.485302303589792761e+00 1.071762251583692649e+00
9.000000000000000000e+03 2.478010188589792939e+00 9.814638150892951440e-01
9.100000000000000000e+03 2.470718073589792674e+00 8.911534471010510439e-01
9.200000000000000000e+03 2.463425958589792852e+00 8.008327221661680761e-01
9.300000000000000000e+03 2.456133843589792587e+00 7.105191475880049401e-01
9.400000000000000000e+03 2.448841728589792766e+00 6.202137464549117851e-01
9.500000000000000000e+03 2.441549613589792500e+00 5.299013660952271998e-01
9.600000000000000000e+03 2.434257498589792679e+00 4.395828218630925543e-01
9.700000000000000000e+03 2.426965383589792413e+00 3.492589796536675895e-01
9.800000000000000000e+03 2.419673268589792592e+00 2.589385495598185982e-01
9.900000000000000000e+03 2.412381153589792326e+00 1.686221270584564169e-01
1.000000000000000000e+04 2.405089038589792505e+00 7.830234599549583396e-02
1.010000000000000000e+04 2.397796923589792684e+00 -1.202029996846921099e-02
1.020000000000000000e+04 2.390504808589792418e+00 -1.023415205421554092e-01
1.030000000000000000e+04 2.383212693589792153e+00 -1.926609489092890315e-01
1.040000000000000000e+04 2.375920578589792331e+00 -2.829820679429627672e-01
1.050000000000000000e+04 2.368628463589792066e+00 -3.733027600102057919e-01
1.060000000000000000e+04 2.361336348589792244e+00 -4.636219298866132155e-01
1.070000000000000000e+04 2.354044233589791979e+00 -5.539411987927630454e-01
1.080000000000000000e+04 2.346752118589792158e+00 -6.442608379142522601e-01
1.090000000000000000e+04 2.339460003589791892e+00 -7.345804965637565687e-01
1.100000000000000000e+04 2.332167888589792071e+00 -8.249003415305454778e-01
1.110000000000000000e+04 2.324875773589791805e+00 -9.152203748195884003e-01
1.120000000000000000e+04 2.317583658589791984e+00 -1.005540519599557481e+00
1.130000000000000000e+04 2.310291543589791718e+00 -1.095860661788859769e+00
1.140000000000000000e+04 2.302999428589791897e+00 -1.186180670506016277e+00
1.150000000000000000e+04 2.295707313589791632e+00 -1.276500408298340439e+00
1.160000000000000000e+04 2.288415198589791810e+00 -1.366819736479390590e+00
1.170000000000000000e+04 2.281123083589791545e+00 -1.457138518166506191e+00
1.180000000000000000e+04 2.273830968589791723e+00 -1.547456620247095405e+00
1.190000000000000000e+04 -8.750538000000016581e-01 -1.503818739401141968e+00
1.200000000000000000e+04 -8.823459150000017015e-01 -1.413502375797737187e+00
1.210000000000000000e+04 -8.896380300000016339e-01 -1.323187056647237458e+00
1.220000000000000000e+04 -8.969301450000017883e-01 -1.232872887527066474e+00
1.230000000000000000e+04 -9.042222600000018318e-01 -1.142559964616878698e+00
1.240000000000000000e+04 -9.115143750000018752e-01 -1.052248373915000368e+00
1.250000000000000000e+04 -9.188064900000019186e-01 -9.619381905381564346e-01
1.260000000000000000e+04 -9.260986050000020731e-01 -8.716294781101520117e-01
1.270000000000000000e+04 -9.333907200000020055e-01 -7.813222882444744721e-01
1.280000000000000000e+04 -9.406828350000020489e-01 -6.910166601249961849e-01
1.290000000000000000e+04 -9.479749500000020923e-01 -6.007126201881496375e-01
1.300000000000000000e+04 -9.552670650000020247e-01 -5.104101819091194647e-01
1.310000000000000000e+04 -9.625591800000021792e-01 -4.201093456937399218e-01
1.320000000000000000e+04 -9.698512950000022226e-01 -3.298100988769226971e-01
1.330000000000000000e+04 -9.771434100000022660e-01 -2.395124158275725446e-01
1.340000000000000000e+04 -9.844355250000023094e-01 -1.492162581590795178e-01
1.350000000000000000e+04 -9.917276400000024639e-01 -5.892157504362006276e-02
1.360000000000000000e+04 -9.990197550000023963e-01 3.137169637234338976e-02
1.370000000000000000e+04 -1.006311870000002440e+00 1.216636304547917824e-01
1.380000000000000000e+04 -1.013603985000002483e+00 2.119543124753262009e-01
1.390000000000000000e+04 -1.020896100000002527e+00 3.022438379157635913e-01
1.400000000000000000e+04 -1.028188215000002570e+00 3.925323116898344900e-01
1.410000000000000000e+04 -1.035480330000002613e+00 4.828198472883345471e-01
1.420000000000000000e+04 -1.042772445000002657e+00 5.731065658546906638e-01
1.430000000000000000e+04 -1.050064560000002700e+00 6.633938225720525939e-01
1.440000000000000000e+04 -1.057356675000002744e+00 7.536816956826014602e-01
1.450000000000000000e+04 -1.064648790000002787e+00 8.439690110132977985e-01
1.460000000000000000e+04 -1.071940905000002831e+00 9.342558313598428033e-01
1.470000000000000000e+04 -1.079233020000002874e+00 1.024542223564834931e+00
1.480000000000000000e+04 -1.086525135000002917e+00 1.114828867366346232e+00
1.490000000000000000e+04 -1.093817250000002961e+00 1.205115808642157615e+00
1.500000000000000000e+04 -1.101109365000003004e+00 1.295402471518113829e+00
1.510000000000000000e+04 -1.108401480000003048e+00 1.385688894295466822e+00
1.520000000000000000e+04 -1.115693595000003091e+00 1.475975415187804618e+00
1.530000000000000000e+04 -1.122985710000003134e+00 1.566262062718851933e+00
1.540000000000000000e+04 2.011314828589790160e+00 1.485044091999633498e+00
1.550000000000000000e+04 2.004022713589789895e+00 1.394757572619481634e+00
1.560000000000000000e+04 1.996730598589789851e+00 1.304471013093438048e+00
1.570000000000000000e+04 1.989438483589790030e+00 1.214184471460855841e+00
1.580000000000000000e+04 1.982146368589789986e+00 1.123897932538022726e+00
1.590000000000000000e+04 1.974854253589789943e+00 1.033611418451113595e+00
1.600000000000000000e+04 1.967562138589789678e+00 9.433249005303931956e-01
1.610000000000000000e+04 1.960270023589789856e+00 8.530383923102001775e-01
1.620000000000000000e+04 1.952977908589789591e+00 7.627518938399826531e-01
1.630000000000000000e+04 1.945685793589789769e+00 6.724653986880344547e-01
1.640000000000000000e+04 1.938393678589789726e+00 5.821788973641940368e-01
1.650000000000000000e+04 1.931101563589789682e+00 4.918923790216437331e-01
1.660000000000000000e+04 1.923809448589789417e+00 4.016058323144289233e-01
1.670000000000000000e+04 1.916517333589789374e+00 3.113192458464380530e-01
1.680000000000000000e+04 1.909225218589789330e+00 2.210326084273238345e-01
1.690000000000000000e+04 1.901933103589789287e+00 1.307459099824431759e-01
1.700000000000000000e+04 1.894640988589789465e+00 4.045914100156778465e-02
1.710000000000000000e+04 1.887348873589789200e+00 -4.982770812047757070e-02
1.720000000000000000e+04 1.880056758589789379e+00 -1.401146463527021546e-01
1.730000000000000000e+04 1.872764643589789113e+00 -2.304016819548870276e-01
1.740000000000000000e+04 1.865472528589789292e+00 -3.206888224102985019e-01
1.750000000000000000e+04 1.858180413589789248e+00 -4.109760743647249415e-01
1.760000000000000000e+04 1.850888298589788983e+00 -5.012634435723339887e-01
1.770000000000000000e+04 1.843596183589789161e+00 -5.915509348487923980e-01
1.780000000000000000e+04 1.836304068589789118e+00 -6.818385520320271453e-01
1.790000000000000000e+04 1.829011953589789075e+00 -7.721262979509537772e-01
1.800000000000000000e+04 1.821719838589789031e+00 -8.624141744024189649e-01
1.810000000000000000e+04 1.814427723589788766e+00 -9.527021821365544429e-01
1.820000000000000000e+04 1.807135608589788944e+00 -1.042990320850652797e+00
1.830000000000000000e+04 1.799843493589788679e+00 -1.133278589191624386e+00
1.840000000000000000e+04 1.792551378589788857e+00 -1.223566984767006538e+00
1.850000000000000000e+04 1.785259263589788814e+00 -1.313855504164446630e+00
1.860000000000000000e+04 1.777967148589788771e+00 -1.404144142979486976e+00
1.870000000000000000e+04 1.770675033589788727e+00 -1.494432895851439014e+00
1.880000000000000000e+04 -1.378209735000004654e+00 -1.556870897082748506e+00
1.890000000000000000e+04 -1.385501850000004698e+00 -1.466581935778207946e+00
1.900000000000000000e+04 -1.392793965000004741e+00 -1.376292881762811726e+00
1.910000000000000000e+04 -1.400086080000004785e+00 -1.286003743713318270e+00
1.920000000000000000e+04 -1.407378195000004828e+00 -1.195714530974485657e+00
1.930000000000000000e+04 -1.414670310000004871e+00 -1.105425253482943404e+00
1.940000000000000000e+04 -1.421962425000004915e+00 -1.015136018292384090e+00
1.950000000000000000e+04 -1.429254540000004958e+00 -9.248468319338707389e-01
1.960000000000000000e+04 -1.436546655000005002e+00 -8.345576023392889953e-01
1.970000000000000000e+04 -1.443838770000005045e+00 -7.442683347779716074e-01
1.980000000000000000e+04 -1.451130885000005089e+00 -6.539790816673819451e-01
1.990000000000000000e+04 -1.458423000000005132e+00 -5.636898467107905875e-01
2.000000000000000000e+04 -1.465715115000005175e+00 -4.734005858258701904e-01
2.010000000000000000e+04 -1.473007230000005219e+00 -3.831113248325205278e-01
2.020000000000000000e+04 -1.480299345000005262e+00 -2.928220660406938292e-01
2.030000000000000000e+04 -1.487591460000005306e+00 -2.025327996886479853e-01
2.040000000000000000e+04 -1.494883575000005349e+00 -1.122435274147004780e-01
2.050000000000000000e+04 -1.502175690000005392e+00 -2.195424515469400484e-02
2.060000000000000000e+04 -1.509467805000005436e+00 6.833504303946076608e-02
2.070000000000000000e+04 -1.516759920000005479e+00 1.586243400397663872e-01
2.080000000000000000e+04 -1.524052035000005523e+00 2.489136465939368881e-01
2.090000000000000000e+04 -1.531344150000005566e+00 3.392029624209068062e-01
2.100000000000000000e+04 -1.538636265000005610e+00 4.294922867276748102e-01
2.110000000000000000e+04 -1.545928380000005653e+00 5.197816184573624820e-01
2.120000000000000000e+04 -1.553220495000005696e+00 6.100709564104097593e-01
2.130000000000000000e+04 -1.560512610000005740e+00 7.003602993058111181e-01
2.140000000000000000e+04 -1.567804725000005783e+00 7.906496458142083794e-01
2.150000000000000000e+04 -1.575096840000005827e+00 8.809389945779099174e-01
2.160000000000000000e+04 -1.582388955000005870e+00 9.712283442249041165e-01
2.170000000000000000e+04 -1.589681070000005914e+00 1.061517693380122029e+00
2.180000000000000000e+04 -1.596973185000005957e+00 1.151807040675423277e+00
2.190000000000000000e+04 -1.604265300000006000e+00 1.242096384758932581e+00
2.200000000000000000e+04 -1.611557415000006044e+00 1.332385724303985164e+00
2.210000000000000000e+04 -1.618849530000006087e+00 1.422675058017742522e+00
2.220000000000000000e+04 -1.626141645000006131e+00 1.512964384649485350e+00
2.230000000000000000e+04 1.508158893589786942e+00 1.538338950591251697e+00
2.240000000000000000e+04 1.500866778589787121e+00 1.448049641668010867e+00
2.250000000000000000e+04 1.493574663589787077e+00 1.357760343249122759e+00
2.260000000000000000e+04 1.486282548589787034e+00 1.267471056342044822e+00
2.270000000000000000e+04 1.478990433589786990e+00 1.177181782606224081e+00
2.280000000000000000e+04 1.471698318589786947e+00 1.086892523631599605e+00
2.290000000000000000e+04 1.464406203589786903e+00 9.966032801851663070e-01
2.300000000000000000e+04 1.457114088589786860e+00 9.063140528907848159e-01
2.310000000000000000e+04 1.449821973589786817e+00 8.160248422241005439e-01
2.320000000000000000e+04 1.442529858589786773e+00 7.257356485086688958e-01
2.330000000000000000e+04 1.435237743589786730e+00 6.354464719133195993e-01
2.340000000000000000e+04 1.427945628589786686e+00 5.451573124507811396e-01
2.350000000000000000e+04 1.420653513589786643e+00 4.548681699775772858e-01
2.360000000000000000e+04 1.413361398589786599e+00 3.645790441951972660e-01
2.370000000000000000e+04 1.406069283589786556e+00 2.742899346525264903e-01
2.380000000000000000e+04 1.398777168589786513e+00 1.840008407495225540e-01
2.390000000000000000e+04 1.391485053589786469e+00 9.371176174210353593e-02
2.400000000000000000e+04 1.384192938589786426e+00 3.422696748209592185e-03
2.410000000000000000e+04 1.376900823589786382e+00 -8.686635524501085115e-02
2.420000000000000000e+04 1.369608708589786117e+00 -1.771553953729499420e-01
2.430000000000000000e+04 1.362316593589786295e+00 -2.674444248842909322e-01
2.440000000000000000e+04 1.355024478589786252e+00 -3.577334451308356034e-01
2.450000000000000000e+04 1.347732363589786209e+00 -4.480224575564918932e-01
2.460000000000000000e+04 1.340440248589786165e+00 -5.383114636855110824e-01
2.470000000000000000e+04 1.333148133589786122e+00 -6.286004651100708385e-01
2.480000000000000000e+04 1.325856018589786078e+00 -7.188894634773042025e-01
2.490000000000000000e+04 1.318563903589786035e+00 -8.091784604758816002e-01
2.500000000000000000e+04 1.311271788589785769e+00 -8.994674733691113699e-01
2.510000000000000000e+04 1.303979673589785948e+00 -9.897565102212253496e-01
2.520000000000000000e+04 1.296687558589785683e+00 -1.080045559077199346e+00
2.530000000000000000e+04 1.289395443589785639e+00 -1.170334614550180952e+00
2.540000000000000000e+04 1.282103328589785818e+00 -1.260623674159364160e+00
2.550000000000000000e+04 1.274811213589785774e+00 -1.350912736724148688e+00
2.560000000000000000e+04 1.267519098589785731e+00 -1.441201801642879587e+00
2.570000000000000000e+04 1.260226983589785466e+00 -1.531490868569452379e+00
2.580000000000000000e+04 -1.888657785000007694e+00 -1.519812716321224055e+00
2.590000000000000000e+04 -1.895949900000007737e+00 -1.429523646038620033e+00
2.600000000000000000e+04 -1.903242015000007781e+00 -1.339234574343919348e+00
2.610000000000000000e+04 -1.910534130000007824e+00 -1.248945501403243785e+00
2.620000000000000000e+04 -1.917826245000007868e+00 -1.158656427382598331e+00
2.630000000000000000e+04 -1.925118360000007911e+00 -1.068367352449735908e+00
2.640000000000000000e+04 -1.932410475000007954e+00 -9.780782767745517248e-01
2.650000000000000000e+04 -1.939702590000007998e+00 -8.877892005288164912e-01
2.660000000000000000e+04 -1.946994705000008041e+00 -7.975001238855933261e-01
2.670000000000000000e+04 -1.954286820000008085e+00 -7.072110470185266617e-01
2.680000000000000000e+04 -1.961578935000008128e+00 -6.169219701010666412e-01
2.690000000000000000e+04 -1.968871050000008172e+00 -5.266328933056725337e-01
2.700000000000000000e+04 -1.976163165000008215e+00 -4.363438168030130404e-01
2.710000000000000000e+04 -1.983455280000008258e+00 -3.460547407611739290e-01
2.720000000000000000e+04 -1.990747395000008302e+00 -2.557656653448832085e-01
2.730000000000000000e+04 -1.998039510000008345e+00 -1.654765907147577875e-01
2.740000000000000000e+04 -2.005331625000008167e+00 -7.518751702657723579e-02
2.750000000000000000e+04 -2.012623740000007988e+00 1.510155556941055258e-02
2.760000000000000000e+04 -2.019915855000007809e+00 1.053906269291479125e-01
2.770000000000000000e+04 -2.027207970000007631e+00 1.956796969153865029e-01
2.780000000000000000e+04 -2.034500085000007452e+00 2.859687653982635469e-01
2.790000000000000000e+04 -2.041792200000007274e+00 3.762578322558314814e-01
2.800000000000000000e+04 -2.049084315000007095e+00 4.665468973745407477e-01
2.810000000000000000e+04 -2.056376430000006916e+00 5.568359606496695591e-01
2.820000000000000000e+04 -2.063668545000006738e+00 6.471250219857028751e-01
2.830000000000000000e+04 -2.070960660000006559e+00 7.374140812966560876e-01
2.840000000000000000e+04 -2.078252775000006380e+00 8.277031385063451374e-01
2.850000000000000000e+04 -2.085544890000006202e+00 9.179921935486000661e-01
2.860000000000000000e+04 -2.092837005000006023e+00 1.008281246367423112e+00
2.870000000000000000e+04 -2.100129120000005845e+00 1.098570296917093181e+00
2.880000000000000000e+04 -2.107421235000005666e+00 1.188859345162212033e+00
2.890000000000000000e+04 -2.114713350000005487e+00 1.279148391077704172e+00
2.900000000000000000e+04 -2.122005465000005309e+00 1.369437434648756780e+00
2.910000000000000000e+04 -2.129297580000005130e+00 1.459726475870716689e+00
2.920000000000000000e+04 -2.136589695000004951e+00 1.550015514748938728e+00
2.930000000000000000e+04 9.977108435897885652e-01 1.501288102291221005e+00
2.940000000000000000e+04 9.904187285897886328e-01 1.410999068045441174e+00
2.950000000000000000e+04 9.831266135897889225e-01 1.320710036069502324e+00
2.960000000000000000e+04 9.758344985897891011e-01 1.230421006320420396e+00
2.970000000000000000e+04 9.685423835897891687e-01 1.140131978746586006e+00
2.980000000000000000e+04 9.612502685897893473e-01 1.049842953288143699e+00
2.990000000000000000e+04 9.539581535897895259e-01 9.595539298773944070e-01
3.000000000000000000e+04 9.466660385897897045e-01 8.692649084392232162e-01
3.010000000000000000e+04 9.393739235897898832e-01 7.789758888915417900e-01
3.020000000000000000e+04 9.320818085897901728e-01 6.886868711457506675e-01
3.030000000000000000e+04 9.247896935897902404e-01 5.983978551072122176e-01
3.040000000000000000e+04 9.174975785897904190e-01 5.081088406757336973e-01
3.050000000000000000e+04 9.102054635897905976e-01 4.178198277460569710e-01
3.060000000000000000e+04 9.029133485897907763e-01 3.275308162083542252e-01
3.070000000000000000e+04 8.956212335897908439e-01 2.372418059487230169e-01
3.080000000000000000e+04 8.883291185897911335e-01 1.469527968496841253e-01
3.090000000000000000e+04 8.810370035897914232e-01 5.666378879067598268e-02
3.100000000000000000e+04 8.737448885897914908e-01 -3.362521835145340643e-02
3.110000000000000000e+04 8.664527735897917804e-01 -1.239142247019593412e-01
3.120000000000000000e+04 8.591606585897918480e-01 -2.142032303877187682e-01
3.130000000000000000e+04 8.518685435897920266e-01 -3.044922355367553068e-01
3.140000000000000000e+04 8.445764285897922052e-01 -3.947812402777711172e-01
3.150000000000000000e+04 8.372843135897923839e-01 -4.850702447396865735e-01
3.160000000000000000e+04 8.299921985897926735e-01 -5.753592490511875157e-01
3.170000000000000000e+04 8.227000835897928521e-01 -6.656482533402818813e-01
3.180000000000000000e+04 8.154079685897928087e-01 -7.559372577338629995e-01
3.190000000000000000e+04 8.081158535897930983e-01 -8.462262623572832654e-01
3.200000000000000000e+04 8.008237385897932770e-01 -9.365152673339356415e-01
3.210000000000000000e+04 7.935316235897934556e-01 -1.026804272784844541e+00
3.220000000000000000e+04 7.862395085897936342e-01 -1.117093278828265035e+00
3.230000000000000000e+04 7.789473935897938128e-01 -1.207382285579293724e+00
3.240000000000000000e+04 7.716552785897939915e-01 -1.297671293149488037e+00
3.250000000000000000e+04 7.643631635897942811e-01 -1.387960301646494532e+00
3.260000000000000000e+04 7.570710485897943487e-01 -1.478249311173694069e+00
3.270000000000000000e+04 7.497789335897945273e-01 -1.568538321829795024e+00
3.280000000000000000e+04 -2.399105834999998521e+00 -1.482765319881019561e+00
3.290000000000000000e+04 -2.406397949999998342e+00 -1.392476306690780152e+00
3.300000000000000000e+04 -2.413690064999998164e+00 -1.302187292106259608e+00
3.310000000000000000e+04 -2.420982179999997985e+00 -1.211898276050356493e+00
3.320000000000000000e+04 -2.428274294999997807e+00 -1.121609258452108904e+00
3.330000000000000000e+04 -2.435566409999997628e+00 -1.031320239246949155e+00
3.340000000000000000e+04 -2.442858524999997449e+00 -9.410312183769379279e-01
3.350000000000000000e+04 -2.450150639999997271e+00 -8.507421957909784282e-01
3.360000000000000000e+04 -2.457442754999997092e+00 -7.604531714450070146e-01
3.370000000000000000e+04 -2.464734869999996913e+00 -6.701641453021598416e-01
3.380000000000000000e+04 -2.472026984999996735e+00 -5.798751173329148578e-01
3.390000000000000000e+04 -2.479319099999996556e+00 -4.895860875152069913e-01
3.400000000000000000e+04 -2.486611214999996378e+00 -3.992970558345145804e-01
3.410000000000000000e+04 -2.493903329999996199e+00 -3.090080222839173274e-01
3.420000000000000000e+04 -2.501195444999996020e+00 -2.187189868641249979e-01
3.430000000000000000e+04 -2.508487559999995842e+00 -1.284299495834737292e-01
3.440000000000000000e+04 -2.515779674999995663e+00 -3.814091045789173157e-02
3.450000000000000000e+04 -2.523071789999995485e+00 5.214813048916770721e-02
3.460000000000000000e+04 -2.530363904999995306e+00 1.424371732268256141e-01
3.470000000000000000e+04 -2.537656019999995127e+00 2.327262177169096558e-01
3.480000000000000000e+04 -2.544948134999994949e+00 3.230152639141189996e-01
3.490000000000000000e+04 -2.552240249999994770e+00 4.133043117662221766e-01
3.500000000000000000e+04 -2.559532364999994591e+00 5.035933612142863280e-01
3.510000000000000000e+04 -2.566824479999994413e+00 5.938824121929382471e-01
3.520000000000000000e+04 -2.574116594999994234e+00 6.841714646306565895e-01
3.530000000000000000e+04 -2.581408709999994056e+00 7.744605184500917838e-01
3.540000000000000000e+04 -2.588700824999993877e+00 8.647495735684155305e-01
3.550000000000000000e+04 -2.595992939999993698e+00 9.550386298976968336e-01
3.560000000000000000e+04 -2.603285054999993520e+00 1.045327687345301015e+00
3.570000000000000000e+04 -2.610577169999993341e+00 1.135616745814314932e+00
3.580000000000000000e+04 -2.617869284999993162e+00 1.225905805203988397e+00
3.590000000000000000e+04 -2.625161399999992984e+00 1.316194865410198034e+00
3.600000000000000000e+04 -2.632453514999992805e+00 1.406483926325926781e+00
3.610000000000000000e+04 -2.639745629999992627e+00 1.496772987841751723e+00
3.620000000000000000e+04 4.945549085898008346e-01 1.554530603743432771e+00
3.630000000000000000e+04 4.872627935898010132e-01 1.464241541362768739e+00
3.640000000000000000e+04 4.799706785898011363e-01 1.373952478719616010e+00
3.650000000000000000e+04 4.726785635898014259e-01 1.283663415927916995e+00
3.660000000000000000e+04 4.653864485898014935e-01 1.193374353101444463e+00
3.670000000000000000e+04 4.580943335898017277e-01 1.103085290353293058e+00
3.680000000000000000e+04 4.508022185898019063e-01 1.012796227795369264e+00
3.690000000000000000e+04 4.435101035898020294e-01 9.225071655378915825e-01
3.700000000000000000e+04 4.362179885898022080e-01 8.322181036889043648e-01
3.710000000000000000e+04 4.289258735898024422e-01 7.419290423538017487e-01
3.720000000000000000e+04 4.216337585898026208e-01 6.516399816348732443e-01
3.730000000000000000e+04 4.143416435898027994e-01 5.613509216308645300e-01
3.740000000000000000e+04 4.070495285898029225e-01 4.710618624365642826e-01
3.750000000000000000e+04 3.997574135898031011e-01 3.807728041424102150e-01
3.760000000000000000e+04 3.924652985898032798e-01 2.904837468341242013e-01
3.770000000000000000e+04 3.851731835898034584e-01 2.001946905923728814e-01
3.780000000000000000e+04 3.778810685898036370e-01 1.099056354924585616e-01
3.790000000000000000e+04 3.705889535898038156e-01 1.961658160403897261e-02
3.800000000000000000e+04 3.632968385898039942e-01 -7.067247100912037172e-02
3.810000000000000000e+04 3.560047235898041729e-01 -1.609615222893625575e-01
3.820000000000000000e+04 3.487126085898043515e-01 -2.512505721853224849e-01
3.830000000000000000e+04 3.414204935898045856e-01 -3.415396206520772693e-01
3.840000000000000000e+04 3.341283785898047087e-01 -4.318286676512623212e-01
3.850000000000000000e+04 3.268362635898048874e-01 -5.221177131511560709e-01
3.860000000000000000e+04 3.195441485898050660e-01 -6.124067571267296506e-01
3.870000000000000000e+04 3.122520335898052446e-01 -7.026957995596655460e-01
3.880000000000000000e+04 3.049599185898054232e-01 -7.929848404383451621e-01
3.890000000000000000e+04 2.976678035898056018e-01 -8.832738797578020273e-01
3.900000000000000000e+04 2.903756885898057805e-01 -9.735629175196509610e-01
3.910000000000000000e+04 2.830835735898059591e-01 -1.063851953731983269e+00
3.920000000000000000e+04 2.757914585898061377e-01 -1.154140988409239288e+00
3.930000000000000000e+04 2.684993435898063163e-01 -1.244430021572050515e+00
3.940000000000000000e+04 2.612072285898064949e-01 -1.334719053247063192e+00
3.950000000000000000e+04 2.539151135898066736e-01 -1.425008083466734909e+00
3.960000000000000000e+04 2.466229985898068522e-01 -1.515297112269112345e+00
3.970000000000000000e+04 -2.902261769999986196e+00 -1.536006513892198333e+00
3.980000000000000000e+04 -2.909553884999986018e+00 -1.445717487789123235e+00
3.990000000000000000e+04 -2.916845999999985839e+00 -1.355428462958153890e+00
4.000000000000000000e+04 -2.924138114999985660e+00 -1.265139439341453675e+00
4.010000000000000000e+04 -2.931430229999985482e+00 -1.174850416876953130e+00
4.020000000000000000e+04 -2.938722344999985303e+00 -1.084561395498662373e+00
4.030000000000000000e+04 -2.946014459999985124e+00 -9.942723751369834106e-01
4.040000000000000000e+04 -2.953306574999984946e+00 -9.039833557190363189e-01
4.050000000000000000e+04 -2.960598689999984767e+00 -8.136943371689878690e-01
4.060000000000000000e+04 -2.967890804999984589e+00 -7.234053194083858163e-01
4.070000000000000000e+04 -2.975182919999984410e+00 -6.331163023564934100e-01
4.080000000000000000e+04 -2.982475034999984231e+00 -5.428272859306295661e-01
4.090000000000000000e+04 -2.989767149999984053e+00 -4.525382700465049868e-01
4.100000000000000000e+04 -2.997059264999983874e+00 -3.622492546185611118e-01
4.110000000000000000e+04 -3.004351379999983696e+00 -2.719602395603056832e-01
4.120000000000000000e+04 -3.011643494999983517e+00 -1.816712247846463957e-01
4.130000000000000000e+04 -3.018935609999983338e+00 -9.138221020422221397e-02
4.140000000000000000e+04 -3.026227724999983160e+00 -1.093195731729745520e-03
4.150000000000000000e+04 -3.033519839999982981e+00 8.919581871975443277e-02
4.160000000000000000e+04 -3.040811954999982802e+00 1.794848332364565591e-01
4.170000000000000000e+04 -3.048104069999982624e+00 2.697738479035945436e-01
4.180000000000000000e+04 -3.055396184999982445e+00 3.600628628050728808e-01
4.190000000000000000e+04 -3.062688299999982267e+00 4.503518780231846597e-01
4.200000000000000000e+04 -3.069980414999982088e+00 5.406408936383213515e-01
4.210000000000000000e+04 -3.077272529999981909e+00 6.309299097286903413e-01
4.220000000000000000e+04 -3.084564644999981731e+00 7.212189263700411468e-01
4.230000000000000000e+04 -3.091856759999981552e+00 8.115079436354011300e-01
4.240000000000000000e+04 -3.099148874999981373e+00 9.017969615948219220e-01
4.250000000000000000e+04 -3.106440989999981195e+00 9.920859803151342859e-01
4.260000000000000000e+04 -3.113733104999981016e+00 1.082374999859716747e+00
4.270000000000000000e+04 -3.121025219999980838e+00 1.172664020288275211e+00
4.280000000000000000e+04 -3.128317334999980659e+00 1.262953041656633246e+00
4.290000000000000000e+04 -3.135609449999980480e+00 1.353242064016541679e+00
4.300000000000000000e+04 3.140283742179606374e+00 1.443531087415493630e+00
4.310000000000000000e+04 3.132991627179606553e+00 1.533820111896564420e+00
4.320000000000000000e+04 -1.589314141018670704e-02 1.517483516091540530e+00
4.330000000000000000e+04 -2.318525641018652148e-02 1.427194489335432914e+00
4.340000000000000000e+04 -3.047737141018634632e-02 1.336905461395926142e+00
4.350000000000000000e+04 -3.776948641018616770e-02 1.246616432248960349e+00
4.360000000000000000e+04 -4.506160141018598908e-02 1.156327401875473004e+00
4.370000000000000000e+04 -5.235371641018581046e-02 1.066038370261461088e+00
4.380000000000000000e+04 -5.964583141018564572e-02 9.757493373980232754e-01
4.390000000000000000e+04 -6.693794641018545322e-02 8.854603032813811447e-01
4.400000000000000000e+04 -7.423006141018527460e-02 7.951712679128805084e-01
4.410000000000000000e+04 -8.152217641018509597e-02 7.048822312989722061e-01
4.420000000000000000e+04 -8.881429141018490347e-02 6.145931934511714712e-01
4.430000000000000000e+04 -9.610640641018475261e-02 5.243041543859974229e-01
4.440000000000000000e+04 -1.033985214101845601e-01 4.340151141248907440e-01
4.450000000000000000e+04 -1.106906364101843815e-01 3.437260726941108180e-01
4.460000000000000000e+04 -1.179827514101842167e-01 2.534370301246116064e-01
4.470000000000000000e+04 -1.252748664101840381e-01 1.631479864518982914e-01
4.480000000000000000e+04 -1.325669814101838317e-01 7.285894171586329571e-02
4.490000000000000000e+04 -1.398590964101836809e-01 -1.743010403939664402e-02
4.500000000000000000e+04 -1.471512114101835023e-01 -1.077191507657822150e-01
4.510000000000000000e+04 -1.544433264101832959e-01 -1.980081984114107907e-01
4.520000000000000000e+04 -1.617354414101831173e-01 -2.882972469208525679e-01
4.530000000000000000e+04 -1.690275564101829386e-01 -3.785862962353826466e-01
4.540000000000000000e+04 -1.763196714101827600e-01 -4.688753462932473970e-01
4.550000000000000000e+04 -1.836117864101826092e-01 -5.591643970299445821e-01
4.560000000000000000e+04 -1.909039014101824028e-01 -6.494534483785154855e-01
4.570000000000000000e+04 -1.981960164101822519e-01 -7.397425002698472252e-01
4.580000000000000000e+04 -2.054881314101820455e-01 -8.300315526329847815e-01
4.590000000000000000e+04 -2.127802464101818669e-01 -9.203206053954506860e-01
4.600000000000000000e+04 -2.200723614101817160e-01 -1.010609658483569762e+00
4.610000000000000000e+04 -2.273644764101814819e-01 -1.100898711822798637e+00
4.620000000000000000e+04 -2.346565914101813588e-01 -1.191187765338058258e+00
4.630000000000000000e+04 -2.419487064101812079e-01 -1.281476818954067509e+00
4.640000000000000000e+04 -2.492408214101809738e-01 -1.371765872595675173e+00
4.650000000000000000e+04 -2.565329364101807674e-01 -1.462054926188186998e+00
4.660000000000000000e+04 -2.638250514101806998e-01 -1.552343979657700324e+00
4.670000000000000000e+04 2.870475487179612983e+00 -1.498959620658388614e+00
4.680000000000000000e+04 2.863183372179613162e+00 -1.408670567651872707e+00
4.690000000000000000e+04 2.855891257179613341e+00 -1.318381514982212011e+00
4.700000000000000000e+04 2.848599142179613075e+00 -1.228092462717061295e+00
4.710000000000000000e+04 2.841307027179613698e+00 -1.137803410921780500e+00
4.720000000000000000e+04 2.834014912179613432e+00 -1.047514359659170058e+00
4.730000000000000000e+04 2.826722797179614055e+00 -9.572253089892173161e-01
4.740000000000000000e+04 2.819430682179613790e+00 -8.669362589688607290e-01
4.750000000000000000e+04 2.812138567179613968e+00 -7.766472096517684776e-01
4.760000000000000000e+04 2.804846452179614591e+00 -6.863581610881367423e-01
4.770000000000000000e+04 2.797554337179614325e+00 -5.960691133245061835e-01
4.780000000000000000e+04 2.790262222179614504e+00 -5.057800664035958516e-01
4.790000000000000000e+04 2.782970107179615127e+00 -4.154910203641599131e-01
4.800000000000000000e+04 2.775677992179614861e+00 -3.252019752408611408e-01
4.810000000000000000e+04 2.768385877179615484e+00 -2.349129310641676349e-01
4.820000000000000000e+04 2.761093762179615663e+00 -1.446238878602680300e-01
4.830000000000000000e+04 2.753801647179615841e+00 -5.433484565100880903e-02
4.840000000000000000e+04 2.746509532179616020e+00 3.595419554614872476e-02
4.850000000000000000e+04 2.739217417179616199e+00 1.262432357181507148e-01
4.860000000000000000e+04 2.731925302179616377e+00 2.165322748563532351e-01
4.870000000000000000e+04 2.724633187179616556e+00 3.068213129565050545e-01
4.880000000000000000e+04 2.717341072179616734e+00 3.971103500187112556e-01
4.890000000000000000e+04 2.710048957179616913e+00 4.873993860473787021e-01
4.900000000000000000e+04 2.702756842179617092e+00 5.776884210511432638e-01
4.910000000000000000e+04 2.695464727179617270e+00 6.679774550427806101e-01
4.920000000000000000e+04 2.688172612179617005e+00 7.582664880391002393e-01
4.930000000000000000e+04 2.680880497179617628e+00 8.485555200608249082e-01
4.940000000000000000e+04 2.673588382179617806e+00 9.388445511324546855e-01
4.950000000000000000e+04 2.666296267179617985e+00 1.029133581282119403e+00
4.960000000000000000e+04 2.659004152179618163e+00 1.119422610541417118e+00
4.970000000000000000e+04 2.651712037179618342e+00 1.209711638945240919e+00
4.980000000000000000e+04 2.644419922179618521e+00 1.300000666531597293e+00
4.990000000000000000e+04 2.637127807179618699e+00 1.390289693341415056e+00
5.000000000000000000e+04 2.629835692179618878e+00 1.480578719418340850e+00
5.010000000000000000e+04 -5.190490764101743926e-01 1.570724908781307327e+00
5.020000000000000000e+04 -5.263411914101742139e-01 1.480435884029323912e+00
5.030000000000000000e+04 -5.336333064101740353e-01 1.390146859865118767e+00
5.040000000000000000e+04 -5.409254214101738567e-01 1.299857836236240516e+00
5.050000000000000000e+04 -5.482175364101736781e-01 1.209568813088661265e+00
5.060000000000000000e+04 -5.555096514101734995e-01 1.119279790366954686e+00
5.070000000000000000e+04 -5.628017664101732098e-01 1.028990768014523161e+00
5.080000000000000000e+04 -5.700938814101731422e-01 9.387017459738354885e-01
5.090000000000000000e+04 -5.773859964101729636e-01 8.484127241866569191e-01
5.100000000000000000e+04 -5.846781114101727850e-01 7.581237025942817453e-01
5.110000000000000000e+04 -5.919702264101726064e-01 6.678346811377642300e-01
5.120000000000000000e+04 -5.992623414101724277e-01 5.775456597581481999e-01
5.130000000000000000e+04 -6.065544564101722491e-01 4.872566383966928649e-01
5.140000000000000000e+04 -6.138465714101721815e-01 3.969676169950961397e-01
5.150000000000000000e+04 -6.211386864101720029e-01 3.066785954957145233e-01
5.160000000000000000e+04 -6.284308014101717133e-01 2.163895738417778991e-01
5.170000000000000000e+04 -6.357229164101715346e-01 1.261005519775995620e-01
5.180000000000000000e+04 -6.430150314101713560e-01 3.581152984878097079e-02
5.190000000000000000e+04 -6.503071464101710664e-01 -5.447749259759008394e-02
5.200000000000000000e+04 -6.575992614101709988e-01 -1.447665154127473763e-01
5.210000000000000000e+04 -6.648913764101708201e-01 -2.350555386460618235e-01
5.220000000000000000e+04 -6.721834914101707525e-01 -3.253445623448644186e-01
5.230000000000000000e+04 -6.794756064101704629e-01 -4.156335865542776231e-01
5.240000000000000000e+04 -6.867677214101702843e-01 -5.059226113170552930e-01
5.250000000000000000e+04 -6.940598364101701057e-01 -5.962116366734320216e-01
5.260000000000000000e+04 -7.013519514101699270e-01 -6.865006626609818641e-01
5.270000000000000000e+04 -7.086440664101696374e-01 -7.767896893144876636e-01
5.280000000000000000e+04 -7.159361814101695698e-01 -8.670787166658215916e-01
5.290000000000000000e+04 -7.232282964101693912e-01 -9.573677447438343480e-01
