0.000000000000000000e+00 -2.221191825516046665e+05 -2.221191825516046665e+05 -2.221191825516046665e+05
0.000000000000000000e+00 -2.173507494661468372e+05 -2.197189282731348358e+05 -2.197189282731348358e+05
1.000000000000000000e+02 -2.126457840699257504e+05 -2.172931319081996044e+05 -2.220998882673717744e+05
2.000000000000000000e+02 -2.080051383213207300e+05 -2.148432702229901915e+05 -2.220872223779163905e+05
3.000000000000000000e+02 -2.034330591945796623e+05 -2.123723566439087444e+05 -2.220748756993891438e+05
4.000000000000000000e+02 -1.989367756079823885e+05 -2.098849755256788339e+05 -2.220629846165302733e+05
5.000000000000000000e+02 -1.945260088173816621e+05 -2.073872606233393890e+05 -2.220516800168160407e+05
6.000000000000000000e+02 -1.902123987559764646e+05 -2.048868049167675490e+05 -2.220410857499878912e+05
7.000000000000000000e+02 -1.860088549344972998e+05 -2.023924937820046907e+05 -2.220313171960077598e+05
8.000000000000000000e+02 -1.819288559779929637e+05 -1.999142604037544224e+05 -2.220224799611753551e+05
9.000000000000000000e+02 -1.779857344692294719e+05 -1.974627706095997419e+05 -2.220146687190397060e+05
1.000000000000000000e+03 -1.741919913525876764e+05 -1.950490528601411497e+05 -2.220079662093623774e+05
1.100000000000000000e+03 -1.705586852726851939e+05 -1.926840965599460760e+05 -2.220024424048585061e+05
1.200000000000000000e+03 -1.670949365981571900e+05 -1.903784467963712232e+05 -2.219981538518839225e+05
1.300000000000000000e+03 -1.638075745657707739e+05 -1.881418250653437863e+05 -2.219951431877703290e+05
1.400000000000000000e+03 -1.607009411271418794e+05 -1.859828031420129118e+05 -2.219934388342390594e+05
1.500000000000000000e+03 -1.577768493989358831e+05 -1.839085513891127775e+05 -2.219930548633511062e+05
1.600000000000000000e+03 -1.550346807049466879e+05 -1.819246745175763499e+05 -2.219939910298360628e+05
1.700000000000000000e+03 -1.524715939732360130e+05 -1.800351385676182108e+05 -2.219962329614392365e+05
1.800000000000000000e+03 -1.500828156444519409e+05 -1.782422841517986380e+05 -2.219997524971789389e+05
1.900000000000000000e+03 -1.478619771964749380e+05 -1.765469139997680031e+05 -2.220045081621046120e+05
2.000000000000000000e+03 -1.458014700749997282e+05 -1.749484382826540968e+05 -2.220104457662886998e+05
2.100000000000000000e+03 -1.438927930109374283e+05 -1.734450592455357255e+05 -2.220174991153558658e+05
2.200000000000000000e+03 -1.421268731105421029e+05 -1.720339770515524433e+05 -2.220255908197840618e+05
2.300000000000000000e+03 -1.404943486179371830e+05 -1.707116008588619588e+05 -2.220346331904740073e+05
2.400000000000000000e+03 -1.389858070870475785e+05 -1.694737523187690240e+05 -2.220445292086057889e+05
2.500000000000000000e+03 -1.375919774186865834e+05 -1.683158522481611581e+05 -2.220551735585154674e+05
2.600000000000000000e+03 -1.363038776701098541e+05 -1.672330846774833917e+05 -2.220664537131616671e+05
2.700000000000000000e+03 -1.351129227899592370e+05 -1.662205354677445430e+05 -2.220782510626609437e+05
2.800000000000000000e+03 -1.340109976552007429e+05 -1.652733050552452332e+05 -2.220904420772653830e+05
2.900000000000000000e+03 -1.329905012227843399e+05 -1.643865965837272233e+05 -2.221028994969951455e+05
3.000000000000000000e+03 -1.320443674914290314e+05 -1.635557817739319289e+05 -2.221154935408678430e+05
3.100000000000000000e+03 -1.311660685025273997e+05 -1.627764474632518541e+05 -2.221280931292433816e+05
3.200000000000000000e+03 -1.303496039555226744e+05 -1.620444259437920991e+05 -2.221405671131971467e+05
3.300000000000000000e+03 -1.295894812901729019e+05 -1.613558121519860579e+05 -2.221527855050229700e+05
3.400000000000000000e+03 -1.288806893747728318e+05 -1.607069705168106011e+05 -2.221646207039412111e+05
3.500000000000000000e+03 -1.282186682832536026e+05 -1.600945339352703595e+05 -2.221759487108484318e+05
3.600000000000000000e+03 -1.275992770694841747e+05 -1.595153969705337367e+05 -2.221866503255005809e+05
3.700000000000000000e+03 -1.270187609624239849e+05 -1.589667049985681078e+05 -2.221966123188986967e+05
3.800000000000000000e+03 -1.264737190092172095e+05 -1.584458406870126491e+05 -2.222057285728777933e+05
3.900000000000000000e+03 -1.259610728772637958e+05 -1.579504088878378097e+05 -2.222139011780210130e+05
4.000000000000000000e+03 -1.254780372803405480e+05 -1.574782207677509286e+05 -2.222210414800965518e+05
4.100000000000000000e+03 -1.250220923068068805e+05 -1.570272777869720885e+05 -2.222270710642847407e+05
4.200000000000000000e+03 -1.245909577890247019e+05 -1.565957559645938745e+05 -2.222319226656148967e+05
4.300000000000000000e+03 -1.241825697526472359e+05 -1.561819907324059459e+05 -2.222355409933079500e+05
4.400000000000000000e+03 -1.237950589139942458e+05 -1.557844625734746805e+05 -2.222378834562063566e+05
4.500000000000000000e+03 -1.234267311463443330e+05 -1.554017835616231896e+05 -2.222389207762313599e+05
4.600000000000000000e+03 -1.230760498059368838e+05 -1.550326848584497930e+05 -2.222386374768909591e+05
4.700000000000000000e+03 -1.227416197912562056e+05 -1.546760051813836617e+05 -2.222370322343380831e+05
4.800000000000000000e+03 -1.224221732012172142e+05 -1.543306802259386459e+05 -2.222341180793713429e+05
4.900000000000000000e+03 -1.221165564564516826e+05 -1.539957330047907017e+05 -2.222299224401192332e+05
5.000000000000000000e+03 -1.218237187509328069e+05 -1.536702650531920081e+05 -2.222244870169583883e+05
5.100000000000000000e+03 -1.215427017071300506e+05 -1.533534484426130657e+05 -2.222178674834654084e+05
5.200000000000000000e+03 -1.212726301156138215e+05 -1.530445185408894031e+05 -2.222101330098776089e+05
5.300000000000000000e+03 -1.210127036487093719e+05 -1.527427674563755863e+05 -2.222013656085612893e+05
5.400000000000000000e+03 -1.207621894468536484e+05 -1.524475381048041163e+05 -2.221916593043032335e+05
5.500000000000000000e+03 -1.205204154853335058e+05 -1.521582188400452142e+05 -2.221811191357469070e+05
5.600000000000000000e+03 -1.202867646378129575e+05 -1.518742385932723701e+05 -2.221698599978775601e+05
5.700000000000000000e+03 -1.200606693613265816e+05 -1.515950624688121025e+05 -2.221580053390078247e+05
5.800000000000000000e+03 -1.198416069351249025e+05 -1.513201877489282633e+05 -2.221456857290970511e+05
5.900000000000000000e+03 -1.196290951928596041e+05 -1.510491402637943393e+05 -2.221330373193208943e+05
6.000000000000000000e+03 -1.194226886940816621e+05 -1.507814710868188995e+05 -2.221202002154907386e+05
6.100000000000000000e+03 -1.192219752869038348e+05 -1.505167535192343930e+05 -2.221073167900753615e+05
6.200000000000000000e+03 -1.190265730189774622e+05 -1.502545803313932847e+05 -2.220945299591367948e+05
6.300000000000000000e+03 -1.188361273586862953e+05 -1.499945612315252074e+05 -2.220819814513741294e+05
6.400000000000000000e+03 -1.186503086927127297e+05 -1.497363205357773695e+05 -2.220698100966543716e+05
6.500000000000000000e+03 -1.184688100699187489e+05 -1.494794950162097521e+05 -2.220581501608753751e+05
6.600000000000000000e+03 -1.182913451648562914e+05 -1.492237319060524169e+05 -2.220471297527893039e+05
6.700000000000000000e+03 -1.181176464372134506e+05 -1.489686870439873019e+05 -2.220368693265576439e+05
6.800000000000000000e+03 -1.179474634661564633e+05 -1.487140231415023736e+05 -2.220274803013882192e+05
6.900000000000000000e+03 -1.177805614408779657e+05 -1.484594081595306052e+05 -2.220190638167286816e+05
7.000000000000000000e+03 -1.176167197907420486e+05 -1.482045137826431601e+05 -2.220117096382534655e+05
7.100000000000000000e+03 -1.174557309402568790e+05 -1.479490139810577675e+05 -2.220054952264295134e+05
7.200000000000000000e+03 -1.172973991757313634e+05 -1.476925836526842904e+05 -2.220004849758857454e+05
7.300000000000000000e+03 -1.171415396119127545e+05 -1.474348973393867491e+05 -2.219967296302781033e+05
7.400000000000000000e+03 -1.169879772481722466e+05 -1.471756280136397691e+05 -2.219942658739467734e+05
7.500000000000000000e+03 -1.168365461049295700e+05 -1.469144459338269371e+05 -2.219931160985043971e+05
7.600000000000000000e+03 -1.166870884320026089e+05 -1.466510175686114526e+05 -2.219932883396674879e+05
7.700000000000000000e+03 -1.165394539814464224e+05 -1.463850045931324712e+05 -2.219947763771892060e+05
7.800000000000000000e+03 -1.163934993382229732e+05 -1.461160629622979031e+05 -2.219975599887493008e+05
7.900000000000000000e+03 -1.162490873027319758e+05 -1.458438420691645588e+05 -2.220016053470828920e+05
8.000000000000000000e+03 -1.161060863198417646e+05 -1.455679839993740607e+05 -2.220068655485314375e+05
8.100000000000000000e+03 -1.159643699495970068e+05 -1.452881228958594438e+05 -2.220132812605158833e+05
8.200000000000000000e+03 -1.158238163752592955e+05 -1.450038844515665260e+05 -2.220207814751642582e+05
8.300000000000000000e+03 -1.156843079447584751e+05 -1.447148855517688207e+05 -2.220292843564027571e+05
8.400000000000000000e+03 -1.155457307420071302e+05 -1.444207340916536923e+05 -2.220386981682003534e+05
8.500000000000000000e+03 -1.154079741848634876e+05 -1.441210289992221224e+05 -2.220489222722630657e+05
8.600000000000000000e+03 -1.152709306468214345e+05 -1.438153604980766831e+05 -2.220598481842528272e+05
8.700000000000000000e+03 -1.151344950997684355e+05 -1.435033106493040104e+05 -2.220713606784812873e+05
8.800000000000000000e+03 -1.149985647753826197e+05 -1.431844542162219295e+05 -2.220833389319349371e+05
8.900000000000000000e+03 -1.148630388429462473e+05 -1.428583599000718386e+05 -2.220956576993697672e+05
9.000000000000000000e+03 -1.147278181015340524e+05 -1.425245919985309883e+05 -2.221081885120103834e+05
9.100000000000000000e+03 -1.145928046846978250e+05 -1.421827125418476062e+05 -2.221208008930601936e+05
9.200000000000000000e+03 -1.144579017759107519e+05 -1.418322839630750823e+05 -2.221333635837290494e+05
9.300000000000000000e+03 -1.143230133331638499e+05 -1.414728723587728455e+05 -2.221457457737959921e+05
9.400000000000000000e+03 -1.141880438212192093e+05 -1.411040513940941019e+05 -2.221578183308272855e+05
9.500000000000000000e+03 -1.140528979501274589e+05 -1.407254069007368234e+05 -2.221694550220459059e+05
9.600000000000000000e+03 -1.139174804187066911e+05 -1.403365422070942295e+05 -2.221805337225289259e+05
9.700000000000000000e+03 -1.137816956617622782e+05 -1.399370842264017265e+05 -2.221909376028808474e+05
9.800000000000000000e+03 -1.136454475999018759e+05 -1.395266903100577474e+05 -2.222005562888467102e+05
9.900000000000000000e+03 -1.135086393908666942e+05 -1.391050558490424592e+05 -2.222092869845037640e+05
1.000000000000000000e+04 -1.133711731813655351e+05 -1.386719225761071721e+05 -2.222170355497677519e+05
1.010000000000000000e+04 -1.132329498584563844e+05 -1.382270874851093104e+05 -2.222237175220184145e+05
1.020000000000000000e+04 -1.130938687995796645e+05 -1.377704122419025807e+05 -2.222292590707413619e+05
1.030000000000000000e+04 -1.129538276204050781e+05 -1.373018329144940071e+05 -2.222335978732813674e+05
1.040000000000000000e+04 -1.128127219197119994e+05 -1.368213698003406753e+05 -2.222366838991556724e+05
1.050000000000000000e+04 -1.126704450205873727e+05 -1.363291370780251164e+05 -2.222384800899739494e+05
1.060000000000000000e+04 -1.125268877072891337e+05 -1.358253519622189342e+05 -2.222389629218945629e+05
1.070000000000000000e+04 -1.123819379571991012e+05 -1.353103429986366245e+05 -2.222381228377915686e+05
1.080000000000000000e+04 -1.122354806673702988e+05 -1.347845571039623464e+05 -2.222359645369532227e+05
1.090000000000000000e+04 -1.120873973752688180e+05 -1.342485649391344050e+05 -2.222325071112174483e+05
1.100000000000000000e+04 -1.119375659734185756e+05 -1.337030642074065981e+05 -2.222277840179890918e+05
1.110000000000000000e+04 -1.117858604177843372e+05 -1.331488804951520287e+05 -2.222218428825829469e+05
1.120000000000000000e+04 -1.116321504298754735e+05 -1.325869653261174681e+05 -2.222147451247716963e+05
1.130000000000000000e+04 -1.114763011927269981e+05 -1.320183911796969478e+05 -2.222065654072418110e+05
1.140000000000000000e+04 -1.113181730411163444e+05 -1.314443433294674614e+05 -2.221973909068259818e+05
1.150000000000000000e+04 -1.111576211466137174e+05 -1.308661084858548566e+05 -2.221873204127839417e+05
1.160000000000000000e+04 -1.109944951983416686e+05 -1.302850603699502244e+05 -2.221764632599553443e+05
1.170000000000000000e+04 -1.108286390806449781e+05 -1.297026424954458489e+05 -2.221649381081975589e+05
1.180000000000000000e+04 -1.106598905492521735e+05 -1.291203485820146598e+05 -2.221528715830052388e+05
1.190000000000000000e+04 -1.104880809079492901e+05 -1.285397011550827301e+05 -2.221403967954884283e+05
1.200000000000000000e+04 -1.103130346882969170e+05 -1.279622289931143896e+05 -2.221276517628088186e+05
1.210000000000000000e+04 -1.101345693355086551e+05 -1.273894441550898482e+05 -2.221147777526495920e+05
1.220000000000000000e+04 -1.099524949042829539e+05 -1.268228193513544975e+05 -2.221019175772044400e+05
1.230000000000000000e+04 -1.097666137691508047e+05 -1.262637664074669592e+05 -2.220892138634518778e+05
1.240000000000000000e+04 -1.095767203547762765e+05 -1.257136165139530640e+05 -2.220768073270764435e+05
1.250000000000000000e+04 -1.093826008926353970e+05 -1.251736028596688993e+05 -2.220648350772734557e+05
1.260000000000000000e+04 -1.091840332116088684e+05 -1.246448461206864449e+05 -2.220534289788554015e+05
1.270000000000000000e+04 -1.089807865712629573e+05 -1.241283431304530386e+05 -2.220427140965796716e+05
1.280000000000000000e+04 -1.087726215479608509e+05 -1.236249589017836261e+05 -2.220328072445137368e+05
1.290000000000000000e+04 -1.085592899854523566e+05 -1.231354220182900608e+05 -2.220238156606262201e+05
1.300000000000000000e+04 -1.083405350232170458e+05 -1.226603232722055400e+05 -2.220158358237557695e+05
1.310000000000000000e+04 -1.081160912175901321e+05 -1.222001173052556114e+05 -2.220089524267619126e+05
1.320000000000000000e+04 -1.078856847725491680e+05 -1.217551269147351995e+05 -2.220032375161476375e+05
1.330000000000000000e+04 -1.076490338989642914e+05 -1.213255496209936537e+05 -2.219987498048859998e+05
1.340000000000000000e+04 -1.074058493230742461e+05 -1.209114660552917776e+05 -2.219955341616895457e+05
1.350000000000000000e+04 -1.071558349668852170e+05 -1.205128497164395230e+05 -2.219936212766558456e+05
1.360000000000000000e+04 -1.068986888250312186e+05 -1.201295776571423921e+05 -2.219930275001978735e+05
1.370000000000000000e+04 -1.066341040642908920e+05 -1.197614416919432988e+05 -2.219937548494840739e+05
1.380000000000000000e+04 -1.063617703733031667e+05 -1.194081597629899479e+05 -2.219957911743547884e+05
1.390000000000000000e+04 -1.060813755909298343e+05 -1.190693871526376606e+05 -2.219991104728500359e+05
1.400000000000000000e+04 -1.057926076420011086e+05 -1.187447272885978309e+05 -2.220036733451143373e+05
1.410000000000000000e+04 -1.054951568086582120e+05 -1.184337419441837410e+05 -2.220094275735239207e+05
1.420000000000000000e+04 -1.051887183639478899e+05 -1.181359606902182422e+05 -2.220163088163759094e+05
1.430000000000000000e+04 -1.048729955914904567e+05 -1.178508895042387448e+05 -2.220242414023648889e+05
1.440000000000000000e+04 -1.045477032106698462e+05 -1.175780184854593535e+05 -2.220331392132844485e+05
1.450000000000000000e+04 -1.042125712206192693e+05 -1.173168286598571576e+05 -2.220429066428722290e+05
1.460000000000000000e+04 -1.038673491680536972e+05 -1.170667978886821511e+05 -2.220534396204057266e+05
1.470000000000000000e+04 -1.035118108335068682e+05 -1.168274059159473400e+05 -2.220646266884880606e+05
1.480000000000000000e+04 -1.031457593176058872e+05 -1.165981386066289415e+05 -2.220763501253475843e+05
1.490000000000000000e+04 -1.027690324936013785e+05 -1.163784914381779236e+05 -2.220884871028936177e+05
1.500000000000000000e+04 -1.023815087745103083e+05 -1.161679723143227748e+05 -2.221009108726083068e+05
1.510000000000000000e+04 -1.019831131231547042e+05 -1.159661037728807132e+05 -2.221134919721122133e+05
1.520000000000000000e+04 -1.015738232115091087e+05 -1.157724246591763804e+05 -2.221260994458432251e+05
1.530000000000000000e+04 -1.011536756127592816e+05 -1.155864913343980588e+05 -2.221386020737111685e+05
1.540000000000000000e+04 -1.007227718862377806e+05 -1.154078784844340844e+05 -2.221508696018126793e+05
1.550000000000000000e+04 -1.002812843931092502e+05 -1.152361795899298158e+05 -2.221627739693030308e+05
1.560000000000000000e+04 -9.982946166074748908e+04 -1.150710071129182179e+05 -2.221741905253118020e+05
1.570000000000000000e+04 -9.936763309779607516e+04 -1.149119924497367465e+05 -2.221849992293765245e+05
1.580000000000000000e+04 -9.889621285166768939e+04 -1.147587856942919607e+05 -2.221950858282750705e+05
1.590000000000000000e+04 -9.841570259746981901e+04 -1.146110552502646460e+05 -2.222043430013857724e+05
1.600000000000000000e+04 -9.792669305365004402e+04 -1.144684873256839201e+05 -2.222126714658430719e+05
1.610000000000000000e+04 -9.742986403633991722e+04 -1.143307853385113413e+05 -2.222199810318326927e+05
1.620000000000000000e+04 -9.692598289227069472e+04 -1.141976692575283232e+05 -2.222261915974389995e+05
1.630000000000000000e+04 -9.641590118939512467e+04 -1.140688748989083542e+05 -2.222312340715925093e+05
1.640000000000000000e+04 -9.590054959434621560e+04 -1.139441531953919766e+05 -2.222350512129146082e+05
1.650000000000000000e+04 -9.538093092508637346e+04 -1.138232694519446522e+05 -2.222375983717071940e+05
1.660000000000000000e+04 -9.485811143312534841e+04 -1.137060025991378934e+05 -2.222388441220440436e+05
1.670000000000000000e+04 -9.433321043929379084e+04 -1.135921444532256573e+05 -2.222387707709524548e+05
1.680000000000000000e+04 -9.380738851639869972e+04 -1.134814989899521315e+05 -2.222373747320770053e+05
1.690000000000000000e+04 -9.328183447692182381e+04 -1.133738816374890448e+05 -2.222346667520506016e+05
1.700000000000000000e+04 -9.275775148003222421e+04 -1.132691185925307509e+05 -2.222306719790676725e+05
1.710000000000000000e+04 -9.223634261567326030e+04 -1.131670461624300806e+05 -2.222254298648916010e+05
1.720000000000000000e+04 -9.171879635119748127e+04 -1.130675101353233040e+05 -2.222189938937128172e+05
1.730000000000000000e+04 -9.120627223585103638e+04 -1.129703651794190810e+05 -2.222114311338794942e+05
1.740000000000000000e+04 -9.069988724949039170e+04 -1.128754742720113572e+05 -2.222028216115016257e+05
1.750000000000000000e+04 -9.020070315476624819e+04 -1.127827081582788087e+05 -2.221932575082016701e+05
1.760000000000000000e+04 -8.970971516845068254e+04 -1.126919448395450891e+05 -2.221828421887682925e+05
1.770000000000000000e+04 -8.922784221058242838e+04 -1.126030690903741051e+05 -2.221716890680472134e+05
1.780000000000000000e+04 -8.875591892347458634e+04 -1.125159720036458166e+05 -2.221599203299701621e+05
1.790000000000000000e+04 -8.829468958068250504e+04 -1.124305505625919031e+05 -2.221476655150295992e+05
1.800000000000000000e+04 -8.784480393316280970e+04 -1.123467072386529180e+05 -2.221350599956556980e+05
1.810000000000000000e+04 -8.740681497022208350e+04 -1.122643496139403142e+05 -2.221222433616976195e+05
1.820000000000000000e+04 -8.698117850999339134e+04 -1.121833900270435697e+05 -2.221093577404635726e+05
1.830000000000000000e+04 -8.656825448085396783e+04 -1.121037452409014368e+05 -2.220965460774196545e+05
1.840000000000000000e+04 -8.616830971322025289e+04 -1.120253361314579524e+05 -2.220839504046562652e+05
1.850000000000000000e+04 -8.578152203138660116e+04 -1.119480873958407901e+05 -2.220717101245140657e+05
1.860000000000000000e+04 -8.540798541750089498e+04 -1.118719272788270755e+05 -2.220599603353465791e+05
1.870000000000000000e+04 -8.504771601360542991e+04 -1.117967873163993645e+05 -2.220488302252883441e+05
1.880000000000000000e+04 -8.470065873157503665e+04 -1.117226020952380932e+05 -2.220384415581302892e+05
1.890000000000000000e+04 -8.436669425301931915e+04 -1.116493090270435059e+05 -2.220289072730719636e+05
1.900000000000000000e+04 -8.404564621986316342e+04 -1.115768481366307387e+05 -2.220203302173075790e+05
1.910000000000000000e+04 -8.373728843943393440e+04 -1.115051618627940916e+05 -2.220128020272155409e+05
1.920000000000000000e+04 -8.344135195363276580e+04 -1.114341948709850403e+05 -2.220064021704931802e+05
1.930000000000000000e+04 -8.315753184852804407e+04 -1.113638938769036613e+05 -2.220011971580276731e+05
1.940000000000000000e+04 -8.288549370712939708e+04 -1.112942074801494309e+05 -2.219972399307510641e+05
1.950000000000000000e+04 -8.262487963312426291e+04 -1.112250860071279458e+05 -2.219945694232976239e+05
1.960000000000000000e+04 -8.237531379621650558e+04 -1.111564813624543895e+05 -2.219932103030886792e+05
1.970000000000000000e+04 -8.213640746991868946e+04 -1.110883468881413573e+05 -2.219931728805745952e+05
1.980000000000000000e+04 -8.190776354994863505e+04 -1.110206372298975330e+05 -2.219944531838597613e+05
1.990000000000000000e+04 -8.168898055571845907e+04 -1.109533082099048625e+05 -2.219970331888489309e+05
2.000000000000000000e+04 -8.147965612886457529e+04 -1.108863167054791556e+05 -2.220008811944210611e+05
2.010000000000000000e+04 -8.127939005155215273e+04 -1.108196205330517259e+05 -2.220059523309519573e+05
2.020000000000000000e+04 -8.108778681366759702e+04 -1.107531783369454934e+05 -2.220121891897739843e+05
2.030000000000000000e+04 -8.090445776229121839e+04 -1.106869494824446156e+05 -2.220195225608159672e+05
2.040000000000000000e+04 -8.072902286935177108e+04 -1.106208939526886243e+05 -2.220278722657028411e+05
2.050000000000000000e+04 -8.056111215440509841e+04 -1.105549722489463020e+05 -2.220371480739257822e+05
2.060000000000000000e+04 -8.040036679936507426e+04 -1.104891452938477305e+05 -2.220472506902698660e+05
2.070000000000000000e+04 -8.024643999099807115e+04 -1.104233743371773744e+05 -2.220580728024434065e+05
2.080000000000000000e+04 -8.009899752532092680e+04 -1.103576208638500830e+05 -2.220695001787154761e+05
2.090000000000000000e+04 -7.995771820591161668e+04 -1.102918465037120041e+05 -2.220814128062748059e+05
2.100000000000000000e+04 -7.982229406571788422e+04 -1.102260129428256041e+05 -2.220936860619139625e+05
2.110000000000000000e+04 -7.969243043937422044e+04 -1.101600818359170662e+05 -2.221061919074523321e+05
2.120000000000000000e+04 -7.956784591041215754e+04 -1.100940147196773614e+05 -2.221188001030106097e+05
2.130000000000000000e+04 -7.944827215515694115e+04 -1.100277729266262759e+05 -2.221313794317740249e+05
2.140000000000000000e+04 -7.933345370260697382e+04 -1.099613174992623826e+05 -2.221437989302297356e+05
2.150000000000000000e+04 -7.922314762723109743e+04 -1.098946091042376938e+05 -2.221559291179914726e+05
2.160000000000000000e+04 -7.911712318942000275e+04 -1.098276079463087808e+05 -2.221676432212468353e+05
2.170000000000000000e+04 -7.901516143630916486e+04 -1.097602736818331905e+05 -2.221788183835648233e+05
2.180000000000000000e+04 -7.891705477385711856e+04 -1.096925653315950913e+05 -2.221893368573088374e+05
2.190000000000000000e+04 -7.882260651941357355e+04 -1.096244411927600449e+05 -2.221990871682362340e+05
2.200000000000000000e+04 -7.873163044254366832e+04 -1.095558587497773697e+05 -2.222079652450611175e+05
2.210000000000000000e+04 -7.864395030057565600e+04 -1.094867745840691641e+05 -2.222158755048654275e+05
2.220000000000000000e+04 -7.855939937420176284e+04 -1.094171442823652033e+05 -2.222227318843067042e+05
2.230000000000000000e+04 -7.847782000746959238e+04 -1.093469223435687163e+05 -2.222284588056615612e+05
2.240000000000000000e+04 -7.839906315564498072e+04 -1.092760620840662014e+05 -2.222329920659148775e+05
2.250000000000000000e+04 -7.832298794369044481e+04 -1.092045155414240580e+05 -2.222362796364373062e+05
2.260000000000000000e+04 -7.824946123747515958e+04 -1.091322333764539217e+05 -2.222382823603385477e+05
2.270000000000000000e+04 -7.817835722929872281e+04 -1.090591647736665764e+05 -2.222389745344229450e+05
2.280000000000000000e+04 -7.810955703886535775e+04 -1.089852573401848931e+05 -2.222383443628591485e+05
2.290000000000000000e+04 -7.804294833046769782e+04 -1.089104570032376359e+05 -2.222363942702527274e+05
2.300000000000000000e+04 -7.797842494683092809e+04 -1.088347079064204736e+05 -2.222331410628240264e+05
2.310000000000000000e+04 -7.791588655981339980e+04 -1.087579523049800628e+05 -2.222286159278624109e+05
2.320000000000000000e+04 -7.785523833795156679e+04 -1.086801304604586912e+05 -2.222228642635532015e+05
2.330000000000000000e+04 -7.779639063067182724e+04 -1.086011805351301737e+05 -2.222159453336419538e+05
2.340000000000000000e+04 -7.773925866886039148e+04 -1.085210384867608227e+05 -2.222079317441690946e+05
2.350000000000000000e+04 -7.768376228137892031e+04 -1.084396379643500841e+05 -2.221989087426207843e+05
2.360000000000000000e+04 -7.762982562703773146e+04 -1.083569102056378324e+05 -2.221889733432144276e+05
2.370000000000000000e+04 -7.757737694147990260e+04 -1.082727839373176248e+05 -2.221782332855783461e+05
2.380000000000000000e+04 -7.752634829839134181e+04 -1.081871852790617995e+05 -2.221668058376655681e+05
2.390000000000000000e+04 -7.747667538442496152e+04 -1.081000376526535983e+05 -2.221548164572638343e+05
2.400000000000000000e+04 -7.742829728721418360e+04 -1.080112616977305879e+05 -2.221423973297722987e+05
2.410000000000000000e+04 -7.738115629584540147e+04 -1.079207751958713634e+05 -2.221296858029140276e+05
2.420000000000000000e+04 -7.733519771316289552e+04 -1.078284930050109979e+05 -2.221168227415970177e+05
2.430000000000000000e+04 -7.729036967928799277e+04 -1.077343270064466487e+05 -2.221039508281499147e+05
2.440000000000000000e+04 -7.724662300574728579e+04 -1.076381860669890011e+05 -2.220912128345397359e+05
2.450000000000000000e+04 -7.720391101962374523e+04 -1.075399760191367241e+05 -2.220787498938844365e+05
2.460000000000000000e+04 -7.716218941716164409e+04 -1.074395996624888066e+05 -2.220666997985672788e+05
2.470000000000000000e+04 -7.712141612628052826e+04 -1.073369567899654794e+05 -2.220551953515434870e+05
2.480000000000000000e+04 -7.708155117747354961e+04 -1.072319442427799222e+05 -2.220443627960421436e+05
2.490000000000000000e+04 -7.704255658259207848e+04 -1.071244559984775406e+05 -2.220343203468470892e+05
2.500000000000000000e+04 -7.700439622104015143e+04 -1.070143832967414492e+05 -2.220251768437979044e+05
2.510000000000000000e+04 -7.696703573292709189e+04 -1.069016148080296844e+05 -2.220170305451629683e+05
2.520000000000000000e+04 -7.693044241875071020e+04 -1.067860368504614889e+05 -2.220099680752351996e+05
2.530000000000000000e+04 -7.689458514520656900e+04 -1.066675336606839555e+05 -2.220040635370067321e+05
2.540000000000000000e+04 -7.685943425674062746e+04 -1.065459877247140685e+05 -2.219993777972160606e+05
2.550000000000000000e+04 -7.682496149248615257e+04 -1.064212801749416540e+05 -2.219959579475492355e+05
2.560000000000000000e+04 -7.679113990824496432e+04 -1.062932912595771049e+05 -2.219938369424396078e+05
2.570000000000000000e+04 -7.675794380319507036e+04 -1.061619008907964453e+05 -2.219930334108298412e+05
2.580000000000000000e+04 -7.672534865102480398e+04 -1.060269892776609195e+05 -2.219935516365227813e+05
2.590000000000000000e+04 -7.669333103521251178e+04 -1.058884376495219913e+05 -2.219953816994170775e+05
2.600000000000000000e+04 -7.666186858818816836e+04 -1.057461290750393091e+05 -2.219984997680210508e+05
2.610000000000000000e+04 -7.663093993413024873e+04 -1.055999493810983404e+05 -2.220028685321990051e+05
2.620000000000000000e+04 -7.660052463516578428e+04 -1.054497881747869687e+05 -2.220084377641129540e+05
2.630000000000000000e+04 -7.657060314075772476e+04 -1.052955399701304705e+05 -2.220151449947498622e+05
2.640000000000000000e+04 -7.654115674007596681e+04 -1.051371054194814642e+05 -2.220229162932593608e+05
2.650000000000000000e+04 -7.651216751716293220e+04 -1.049743926472690800e+05 -2.220316671364795184e+05
2.660000000000000000e+04 -7.648361830871640996e+04 -1.048073186812443018e+05 -2.220413033564835787e+05
2.670000000000000000e+04 -7.645549266432278091e+04 -1.046358109733908641e+05 -2.220517221546326182e+05
2.680000000000000000e+04 -7.642777480898638896e+04 -1.044598089993432950e+05 -2.220628131714328483e+05
2.690000000000000000e+04 -7.640044960780991823e+04 -1.042792659214878513e+05 -2.220744596023826743e+05
2.700000000000000000e+04 -7.637350253268923552e+04 -1.040941502969930152e+05 -2.220865393509046698e+05
2.710000000000000000e+04 -7.634691963089760975e+04 -1.039044478079076507e+05 -2.220989262103181391e+05
2.720000000000000000e+04 -7.632068749543909507e+04 -1.037101629862961563e+05 -2.221114910675765132e+05
2.730000000000000000e+04 -7.629479323706147261e+04 -1.035113209033051535e+05 -2.221241031221258163e+05
2.740000000000000000e+04 -7.626922445782508294e+04 -1.033079687872445647e+05 -2.221366311136911390e+05
2.750000000000000000e+04 -7.624396922613024071e+04 -1.031001775324266346e+05 -2.221489445530579542e+05
2.760000000000000000e+04 -7.621901605311311141e+04 -1.028880430578504893e+05 -2.221609149499522755e+05
2.770000000000000000e+04 -7.619435387032566359e+04 -1.026716874730852287e+05 -2.221724170319585246e+05
2.780000000000000000e+04 -7.616997200861985039e+04 -1.024512600081074197e+05 -2.221833299480258720e+05
2.790000000000000000e+04 -7.614586017816276581e+04 -1.022269376646069577e+05 -2.221935384495487087e+05
2.800000000000000000e+04 -7.612200844951283943e+04 -1.019989255485537287e+05 -2.222029340412786114e+05
2.810000000000000000e+04 -7.609840723569264810e+04 -1.017674568477498251e+05 -2.222114160934785032e+05
2.820000000000000000e+04 -7.607504727519750304e+04 -1.015327924237304251e+05 -2.222188929058089561e+05
2.830000000000000000e+04 -7.605191961588292907e+04 -1.012952199946965993e+05 -2.222252827125085169e+05
2.840000000000000000e+04 -7.602901559967781941e+04 -1.010550528950519220e+05 -2.222305146175439877e+05
2.850000000000000000e+04 -7.600632684807380429e+04 -1.008126284073498246e+05 -2.222345294476353156e+05
2.860000000000000000e+04 -7.598384524834295735e+04 -1.005683056737357547e+05 -2.222372805104760337e+05
2.870000000000000000e+04 -7.596156294044166862e+04 -1.003224632058748684e+05 -2.222387342451323057e+05
2.880000000000000000e+04 -7.593947230455801764e+04 -1.000754960244295507e+05 -2.222388707515768765e+05
2.890000000000000000e+04 -7.591756594926511752e+04 -9.982781247085409996e+04 -2.222376841866642644e+05
2.900000000000000000e+04 -7.589583670024372987e+04 -9.957983074507799756e+04 -2.222351830146053690e+05
2.910000000000000000e+04 -7.587427758954025921e+04 -9.933197523201744480e+04 -2.222313901012081769e+05
2.920000000000000000e+04 -7.585288184532844753e+04 -9.908467268731314107e+04 -2.222263426428080420e+05
2.930000000000000000e+04 -7.583164288214428234e+04 -9.883834835785038013e+04 -2.222200919229307037e+05
2.940000000000000000e+04 -7.581055429156610626e+04 -9.859342211519333068e+04 -2.222127028922684258e+05
2.950000000000000000e+04 -7.578960983331387979e+04 -9.835030467991111800e+04 -2.222042535704757611e+05
2.960000000000000000e+04 -7.576880342674152052e+04 -9.810939401189185446e+04 -2.221948342715236067e+05
2.970000000000000000e+04 -7.574812914269974863e+04 -9.787107193627602828e+04 -2.221845466578050982e+05
2.980000000000000000e+04 -7.572758119574683951e+04 -9.763570106686979125e+04 -2.221735026317595621e+05
2.990000000000000000e+04 -7.570715393668619799e+04 -9.740362207922092057e+04 -2.221618230773526011e+05
3.000000000000000000e+04 -7.568684184541135619e+04 -9.717515137443422282e+04 -2.221496364671988413e+05
3.010000000000000000e+04 -7.566663952403944859e+04 -9.695057916280598147e+04 -2.221370773543046962e+05
3.020000000000000000e+04 -7.564654169031580386e+04 -9.673016798401292181e+04 -2.221242847702302679e+05
3.030000000000000000e+04 -7.562654317127246759e+04 -9.651415166844810301e+04 -2.221114005538017664e+05
3.040000000000000000e+04 -7.560663889712556556e+04 -9.630273473281975021e+04 -2.220985676362615195e+05
3.050000000000000000e+04 -7.558682389539589349e+04 -9.609609219275109353e+04 -2.220859283098452725e+05
3.060000000000000000e+04 -7.556709328523887962e+04 -9.589436976614376181e+04 -2.220736225071831432e+05
3.070000000000000000e+04 -7.554744227197035798e+04 -9.569768443373055197e+04 -2.220617861186164082e+05
3.080000000000000000e+04 -7.552786614177533193e+04 -9.550612531764741288e+04 -2.220505493735159398e+05
3.090000000000000000e+04 -7.550836025658750441e+04 -9.531975483504458680e+04 -2.220400353100268112e+05
3.100000000000000000e+04 -7.548892004912784614e+04 -9.513861008164627128e+04 -2.220303583554150246e+05
3.110000000000000000e+04 -7.546954101809146232e+04 -9.496270439964973775e+04 -2.220216230364427320e+05
3.120000000000000000e+04 -7.545021872347158205e+04 -9.479202908522231155e+04 -2.220139228360703273e+05
3.130000000000000000e+04 -7.543094878201113897e+04 -9.462655519290691882e+04 -2.220073392093821894e+05
3.140000000000000000e+04 -7.541172686277187313e+04 -9.446623539723370050e+04 -2.220019407680915028e+05
3.150000000000000000e+04 -7.539254868281136442e+04 -9.431100587551588251e+04 -2.219977826394284202e+05
3.160000000000000000e+04 -7.537341000295979029e+04 -9.416078817996841099e+04 -2.219949060017653101e+05
3.170000000000000000e+04 -7.535430662368686171e+04 -9.401549107168611954e+04 -2.219933377960869402e+05
3.180000000000000000e+04 -7.533523438105138484e+04 -9.387501229350129142e+04 -2.219930906094737293e+05
3.190000000000000000e+04 -7.531618914272458642e+04 -9.373924026312715432e+04 -2.219941627241941460e+05
3.200000000000000000e+04 -7.529716680407998501e+04 -9.360805567217346106e+04 -2.219965383238432405e+05
3.210000000000000000e+04 -7.527816328434212483e+04 -9.348133298049549921e+04 -2.220001878462648601e+05
3.220000000000000000e+04 -7.525917452278605197e+04 -9.335894179884404002e+04 -2.220050684717359545e+05
3.230000000000000000e+04 -7.524019647498152335e+04 -9.324074815588103957e+04 -2.220111247340879345e+05
3.240000000000000000e+04 -7.522122510907359538e+04 -9.312661564830211864e+04 -2.220182892420397257e+05
3.250000000000000000e+04 -7.520225640209358244e+04 -9.301640647505634115e+04 -2.220264834979943989e+05
3.260000000000000000e+04 -7.518328633629294927e+04 -9.290998235850040510e+04 -2.220356188018356042e+05
3.270000000000000000e+04 -7.516431089549380704e+04 -9.280720535678735177e+04 -2.220455972278103873e+05
3.280000000000000000e+04 -7.514532606144891179e+04 -9.270793857290595770e+04 -2.220563126633134380e+05
3.290000000000000000e+04 -7.512632781020506809e+04 -9.261204676659355755e+04 -2.220676518992337806e+05
3.300000000000000000e+04 -7.510731210846283648e+04 -9.251939687588097877e+04 -2.220794957624371164e+05
3.310000000000000000e+04 -7.508827490992633102e+04 -9.242985845533145766e+04 -2.220917202818481601e+05
3.320000000000000000e+04 -7.506921215163635497e+04 -9.234330403814784950e+04 -2.221041978804249084e+05
3.330000000000000000e+04 -7.505011975028042798e+04 -9.225960942927398719e+04 -2.221167985860373301e+05
3.340000000000000000e+04 -7.503099359847314190e+04 -9.217865393644641154e+04 -2.221293912548162334e+05
3.350000000000000000e+04 -7.501182956099975854e+04 -9.210032054588210303e+04 -2.221418448009157146e+05
3.360000000000000000e+04 -7.499262347101699561e+04 -9.202449604895009543e+04 -2.221540294267965946e+05
3.370000000000000000e+04 -7.497337112620355038e+04 -9.195107112578679516e+04 -2.221658178480940114e+05
3.380000000000000000e+04 -7.495406828485382721e+04 -9.187994039139348024e+04 -2.221770865068648127e+05
3.390000000000000000e+04 -7.493471066190769488e+04 -9.181100240932224551e+04 -2.221877167665538436e+05
3.400000000000000000e+04 -7.491529392490914324e+04 -9.174415967761469074e+04 -2.221975960813731363e+05
3.410000000000000000e+04 -7.489581368988615577e+04 -9.167931859122823516e+04 -2.222066191320082580e+05
3.420000000000000000e+04 -7.487626551714503148e+04 -9.161638938476121984e+04 -2.222146889186789340e+05
3.430000000000000000e+04 -7.485664490697055589e+04 -9.155528605889153550e+04 -2.222217178016539547e+05
3.440000000000000000e+04 -7.483694729522474518e+04 -9.149592629356187535e+04 -2.222276284783986630e+05
3.450000000000000000e+04 -7.481716804883569421e+04 -9.143823135059223569e+04 -2.222323548856885755e+05
3.460000000000000000e+04 -7.479730246116820490e+04 -9.138212596807477530e+04 -2.222358430143230944e+05
3.470000000000000000e+04 -7.477734574726736173e+04 -9.132753824860307213e+04 -2.222380516235818504e+05
3.480000000000000000e+04 -7.475729303896623605e+04 -9.127439954311684414e+04 -2.222389528423567535e+05
3.490000000000000000e+04 -7.473713937984859513e+04 -9.122264433189430565e+04 -2.222385326440128847e+05
3.500000000000000000e+04 -7.471687972005625488e+04 -9.117221010400143859e+04 -2.222367911825487972e+05
3.510000000000000000e+04 -7.469650891093198152e+04 -9.112303723630859167e+04 -2.222337429785699642e+05
3.520000000000000000e+04 -7.467602169948688243e+04 -9.107506887300818926e+04 -2.222294169449796609e+05
3.530000000000000000e+04 -7.465541272268163448e+04 -9.102825080640875967e+04 -2.222238562441489776e+05
3.540000000000000000e+04 -7.463467650151076668e+04 -9.098253135964406829e+04 -2.222171179706287221e+05
3.550000000000000000e+04 -7.461380743487754080e+04 -9.093786127181515621e+04 -2.222092726561695745e+05
3.560000000000000000e+04 -7.459279979324773012e+04 -9.089419358597663813e+04 -2.222004035968844255e+05
3.570000000000000000e+04 -7.457164771206973819e+04 -9.085148354028782342e+04 -2.221906060057233553e+05
3.580000000000000000e+04 -7.455034518494724762e+04 -9.080968846257154655e+04 -2.221799859969496611e+05
3.590000000000000000e+04 -7.452888605655133142e+04 -9.076876766845380189e+04 -2.221686594128946017e+05
3.600000000000000000e+04 -7.450726401525684923e+04 -9.072868236320227152e+04 -2.221567505068005994e+05
3.610000000000000000e+04 -7.448547258548899845e+04 -9.068939554733109253e+04 -2.221443904989202565e+05
3.620000000000000000e+04 -7.446350511976350390e+04 -9.065087192599868285e+04 -2.221317160260874371e+05
3.630000000000000000e+04 -7.444135479040474456e+04 -9.061307782219297951e+04 -2.221188675076076179e+05
3.640000000000000000e+04 -7.441901458092435496e+04 -9.057598109366661811e+04 -2.221059874524108891e+05
3.650000000000000000e+04 -7.439647727704276622e+04 -9.053955105356554850e+04 -2.220932187339007214e+05
3.660000000000000000e+04 -7.437373545733511855e+04 -9.050375839467362675e+04 -2.220807028597482131e+05
3.670000000000000000e+04 -7.435078148348195828e+04 -9.046857511717978923e+04 -2.220685782639846148e+05
3.680000000000000000e+04 -7.432760749010481231e+04 -9.043397445986758976e+04 -2.220569786481457704e+05
3.690000000000000000e+04 -7.430420537416562729e+04 -9.039993083461240167e+04 -2.220460313969306881e+05
3.700000000000000000e+04 -7.428056678390799789e+04 -9.036641976407023321e+04 -2.220358560919210140e+05
3.710000000000000000e+04 -7.425668310731745441e+04 -9.033341782243455236e+04 -2.220265631444343308e+05
3.720000000000000000e+04 -7.423254546007759927e+04 -9.030090257913751702e+04 -2.220182525656630460e+05
3.730000000000000000e+04 -7.420814467299658281e+04 -9.026885254536916909e+04 -2.220110128889901389e+05
3.740000000000000000e+04 -7.418347127887907845e+04 -9.023724712328930036e+04 -2.220049202558986435e+05
3.750000000000000000e+04 -7.415851549881753454e+04 -9.020606655780712026e+04 -2.220000376733330486e+05
3.760000000000000000e+04 -7.413326722787394829e+04 -9.017529189080627111e+04 -2.219964144468442828e+05
3.770000000000000000e+04 -7.410771602012548828e+04 -9.014490491769516666e+04 -2.219940857904753066e+05
3.780000000000000000e+04 -7.408185107304342091e+04 -9.011488814616468153e+04 -2.219930726112199482e+05
3.790000000000000000e+04 -7.405566121117569855e+04 -9.008522475704028329e+04 -2.219933814630894049e+05
3.800000000000000000e+04 -7.402913486910214124e+04 -9.005589856711770699e+04 -2.219950046634241298e+05
3.810000000000000000e+04 -7.400226007362999371e+04 -9.002689399387576850e+04 -2.219979205621148867e+05
3.820000000000000000e+04 -7.397502442519788747e+04 -8.999819602196401684e+04 -2.220020939528875751e+05
3.830000000000000000e+04 -7.394741507845405431e+04 -8.996979017136663606e+04 -2.220074766147401533e+05
3.840000000000000000e+04 -7.391941872197571502e+04 -8.994166246714803856e+04 -2.220140079709870042e+05
3.850000000000000000e+04 -7.389102155709483486e+04 -8.991379941068998596e+04 -2.220216158531374822e+05
3.860000000000000000e+04 -7.386220927579574345e+04 -8.988618795233310084e+04 -2.220302173569420120e+05
3.870000000000000000e+04 -7.383296703765023267e+04 -8.985881546534097288e+04 -2.220397197783494194e+05
3.880000000000000000e+04 -7.380327944575448055e+04 -8.983166972110737697e+04 -2.220500216177460097e+05
3.890000000000000000e+04 -7.377313052163524844e+04 -8.980473886553141347e+04 -2.220610136416385649e+05
3.900000000000000000e+04 -7.374250367908983026e+04 -8.977801139648942626e+04 -2.220725799918240809e+05
3.910000000000000000e+04 -7.371138169692835072e+04 -8.975147614233485365e+04 -2.220845993329968769e+05
3.920000000000000000e+04 -7.367974669058687869e+04 -8.972512224136150326e+04 -2.220969460306172841e+05
3.930000000000000000e+04 -7.364758008258184418e+04 -8.969893912216780882e+04 -2.221094913516556262e+05
3.940000000000000000e+04 -7.361486257177885273e+04 -8.967291648486359918e+04 -2.221221046814741276e+05
3.950000000000000000e+04 -7.358157410145227914e+04 -8.964704428306318005e+04 -2.221346547505969647e+05
3.960000000000000000e+04 -7.354769382611487526e+04 -8.962131270661095914e+04 -2.221470108654084615e+05
3.970000000000000000e+04 -7.351320007710253412e+04 -8.959571216498917784e+04 -2.221590441368916654e+05
3.980000000000000000e+04 -7.347807032690350024e+04 -8.957023327135863656e+04 -2.221706287013851397e+05
3.990000000000000000e+04 -7.344228115222818451e+04 -8.954486682718638622e+04 -2.221816429269862128e+05
4.000000000000000000e+04 -7.340580819582473487e+04 -8.951960380741626432e+04 -2.221919705986847694e+05
4.010000000000000000e+04 -7.336862612705223728e+04 -8.949443534613955126e+04 -2.222015020746117807e+05
4.020000000000000000e+04 -7.333070860123599414e+04 -8.946935272272564180e+04 -2.222101354049505899e+05
4.030000000000000000e+04 -7.329202821784022672e+04 -8.944434734837380529e+04 -2.222177774041547091e+05
4.040000000000000000e+04 -7.325255647750890057e+04 -8.941941075304873812e+04 -2.222243446661741182e+05
4.050000000000000000e+04 -7.321226373804004106e+04 -8.939453457276461995e+04 -2.222297645115028718e+05
4.060000000000000000e+04 -7.317111916937869682e+04 -8.936971053718248731e+04 -2.222339758540657349e+05
4.070000000000000000e+04 -7.312909070773472195e+04 -8.934493045748869190e+04 -2.222369299753419764e+05
4.080000000000000000e+04 -7.308614500895481615e+04 -8.932018621452183288e+04 -2.222385911927405687e+05
4.090000000000000000e+04 -7.304224740130614373e+04 -8.929546974711709481e+04 -2.222389374091696227e+05
4.100000000000000000e+04 -7.299736183785945468e+04 -8.927077304063856718e+04 -2.222379605310180632e+05
4.110000000000000000e+04 -7.295145084869414859e+04 -8.924608811566977238e+04 -2.222356667424649931e+05
4.120000000000000000e+04 -7.290447549318538222e+04 -8.922140701683417137e+04 -2.222320766251573514e+05
4.130000000000000000e+04 -7.285639531267830171e+04 -8.919672180171786749e+04 -2.222272251138891443e+05
4.140000000000000000e+04 -7.280716828390091541e+04 -8.917202452986751450e+04 -2.222211612809550716e+05
4.150000000000000000e+04 -7.275675077352103835e+04 -8.914730725183649338e+04 -2.222139479443341552e+05
4.160000000000000000e+04 -7.270509749431120872e+04 -8.912256199825344083e+04 -2.222056610977218661e+05
4.170000000000000000e+04 -7.265216146345052402e+04 -8.909778076888708165e+04 -2.221963891636175103e+05
4.180000000000000000e+04 -7.259789396356322686e+04 -8.907295552168213180e+04 -2.221862320741021249e+05
4.190000000000000000e+04 -7.254224450717111176e+04 -8.904807816174095205e+04 -2.221753001875066257e+05
4.200000000000000000e+04 -7.248516080532055639e+04 -8.902314053022590815e+04 -2.221637130527415429e+05
4.210000000000000000e+04 -7.242658874123755959e+04 -8.899813439315749565e+04 -2.221515980365452124e+05
4.220000000000000000e+04 -7.236647234995941108e+04 -8.897305143008362211e+04 -2.221390888321424136e+05
4.230000000000000000e+04 -7.230475380499823950e+04 -8.894788322259564302e+04 -2.221263238706939737e+05
4.240000000000000000e+04 -7.224137341320169799e+04 -8.892262124266548199e+04 -2.221134446593371395e+05
4.250000000000000000e+04 -7.217626961909262172e+04 -8.889725684078061022e+04 -2.221005940714647004e+05
4.260000000000000000e+04 -7.210937902009263053e+04 -8.887178123385101208e+04 -2.220879146161047101e+05
4.270000000000000000e+04 -7.204063639415922808e+04 -8.884618549286406778e+04 -2.220755467137806118e+05
4.280000000000000000e+04 -7.196997474149671325e+04 -8.882046053026241134e+04 -2.220636270060383540e+05
4.290000000000000000e+04 -7.189732534212977043e+04 -8.879459708701986528e+04 -2.220522867249325500e+05
4.300000000000000000e+04 -7.182261783125843795e+04 -8.876858571939075773e+04 -2.220416501471991942e+05
4.310000000000000000e+04 -7.174578029443661217e+04 -8.874241678530756326e+04 -2.220318331556844059e+05
4.320000000000000000e+04 -7.166673938473513408e+04 -8.871608043040205666e+04 -2.220229419279214926e+05
4.330000000000000000e+04 -7.158542046415492950e+04 -8.868956657362511032e+04 -2.220150717686717107e+05
4.340000000000000000e+04 -7.150174777164607076e+04 -8.866286489244071709e+04 -2.220083060998733563e+05
4.350000000000000000e+04 -7.141564462015715253e+04 -8.863596480756845267e+04 -2.220027156179268204e+05
4.360000000000000000e+04 -7.132703362517920323e+04 -8.860885546725225868e+04 -2.219983576246778248e+05
4.370000000000000000e+04 -7.123583696725431946e+04 -8.858152573102890165e+04 -2.219952755349836953e+05
4.380000000000000000e+04 -7.114197669088262774e+04 -8.855396415297519707e+04 -2.219934985604741087e+05
4.390000000000000000e+04 -7.104537504217331298e+04 -8.852615896440905635e+04 -2.219930415661126317e+05
4.400000000000000000e+04 -7.094595484743731504e+04 -8.849809805602410052e+04 -2.219939050935399719e+05
4.410000000000000000e+04 -7.084363993470299465e+04 -8.846976895943591080e+04 -2.219960755429460551e+05
4.420000000000000000e+04 -7.073835559983908024e+04 -8.844115882812056225e+04 -2.219995255034497823e+05
4.430000000000000000e+04 -7.063002911858518200e+04 -8.841225441772754129e+04 -2.220042142206331191e+05
4.440000000000000000e+04 -7.051859030530527525e+04 -8.838304206575133139e+04 -2.220100881890046294e+05
4.450000000000000000e+04 -7.040397211869328748e+04 -8.835350767054666358e+04 -2.220170818567037059e+05
4.460000000000000000e+04 -7.028611131395460689e+04 -8.832363666967839526e+04 -2.220251184296779684e+05
4.470000000000000000e+04 -7.016494914016977418e+04 -8.829341401759628206e+04 -2.220341107628084719e+05
4.480000000000000000e+04 -7.004043208060391771e+04 -8.826282416263163032e+04 -2.220439623259664513e+05
4.490000000000000000e+04 -6.991251263266950264e+04 -8.823185102331660164e+04 -2.220545682336889440e+05
4.500000000000000000e+04 -6.978115012307526194e+04 -8.820047796403041866e+04 -2.220658163280004810e+05
4.510000000000000000e+04 -6.964631155242367822e+04 -8.816868776998507383e+04 -2.220775883048031537e+05
4.520000000000000000e+04 -6.950797246215787891e+04 -8.813646262156855664e+04 -2.220897608751626685e+05
4.530000000000000000e+04 -6.936611781533886096e+04 -8.810378406807062856e+04 -2.221022069536588388e+05
4.540000000000000000e+04 -6.922074288128012267e+04 -8.807063300082721980e+04 -2.221147968667077366e+05
4.550000000000000000e+04 -6.907185411261743866e+04 -8.803698962582745298e+04 -2.221273995743436681e+05
4.560000000000000000e+04 -6.891947000199234753e+04 -8.800283343583976966e+04 -2.221398838993582176e+05
4.570000000000000000e+04 -6.876362190422756248e+04 -8.796814318212593207e+04 -2.221521197578950960e+05
4.580000000000000000e+04 -6.860435480872874905e+04 -8.793289684582670452e+04 -2.221639793855799944e+05
4.590000000000000000e+04 -6.844172804591937165e+04 -8.789707160911886604e+04 -2.221753385530426749e+05
4.600000000000000000e+04 -6.827581591086750268e+04 -8.786064382626081351e+04 -2.221860777642519679e+05
4.610000000000000000e+04 -6.810670818695636990e+04 -8.782358899466462026e+04 -2.221960834304723830e+05
4.620000000000000000e+04 -6.793451055254382663e+04 -8.778588172615556687e+04 -2.222052490118867718e+05
4.630000000000000000e+04 -6.775934485410159687e+04 -8.774749571860281867e+04 -2.222134761180581991e+05
4.640000000000000000e+04 -6.758134923036319378e+04 -8.770840372813455178e+04 -2.222206755574795534e+05
4.650000000000000000e+04 -6.740067807357055426e+04 -8.766857754217868205e+04 -2.222267683255312731e+05
4.660000000000000000e+04 -6.721750181600038195e+04 -8.762798795360578515e+04 -2.222316865193071717e+05
4.670000000000000000e+04 -6.703200653256013175e+04 -8.758660473628310137e+04 -2.222353741670403106e+05
4.680000000000000000e+04 -6.684439335334484349e+04 -8.754439662239131576e+04 -2.222377879593344405e+05
4.690000000000000000e+04 -6.665487768356758170e+04 -8.750133128189561830e+04 -2.222388978691437223e+05
4.700000000000000000e+04 -6.646368823215494922e+04 -8.745737530460732523e+04 -2.222386876475119498e+05
4.710000000000000000e+04 -6.627106585441225616e+04 -8.741249418532360869e+04 -2.222371551825316856e+05
4.720000000000000000e+04 -6.607726221840479411e+04 -8.736665231258232961e+04 -2.222343127098570403e+05
4.730000000000000000e+04 -6.588253830891787948e+04 -8.731981296162451326e+04 -2.222301868644226342e+05
4.740000000000000000e+04 -6.568716278691710613e+04 -8.727193829221499618e+04 -2.222248185648087820e+05
4.750000000000000000e+04 -6.549141022616781265e+04 -8.722298935203094152e+04 -2.222182627239155991e+05
4.760000000000000000e+04 -6.529555925195774034e+04 -8.717292608639165701e+04 -2.222105877822665789e+05
4.770000000000000000e+04 -6.509989060955901368e+04 -8.712170735516489367e+04 -2.222018750632604060e+05
4.780000000000000000e+04 -6.490468519205754274e+04 -8.706929095774993766e+04 -2.221922179530040012e+05
4.790000000000000000e+04 -6.471022205838826630e+04 -8.701563366710228729e+04 -2.221817209108439856e+05
4.800000000000000000e+04 -6.451677647278166842e+04 -8.696069127382560691e+04 -2.221704983203098527e+05
4.810000000000000000e+04 -6.432461799634573981e+04 -8.690441864141731639e+04 -2.221586731937233126e+05
4.820000000000000000e+04 -6.413400866018213128e+04 -8.684676977380969038e+04 -2.221463757471280405e+05
4.830000000000000000e+04 -6.394520124732903787e+04 -8.678769789639435476e+04 -2.221337418652974302e+05
4.840000000000000000e+04 -6.375843770801566279e+04 -8.672715555176013731e+04 -2.221209114792812034e+05
4.850000000000000000e+04 -6.357394772931625630e+04 -8.666509471140167443e+04 -2.221080268811430724e+05
4.860000000000000000e+04 -6.339194747644208110e+04 -8.660146690466972359e+04 -2.220952310021280719e+05
4.870000000000000000e+04 -6.321263851874577813e+04 -8.653622336623031879e+04 -2.220826656814277521e+05
4.880000000000000000e+04 -6.303620694919588277e+04 -8.646931520327689941e+04 -2.220704699529262143e+05
4.890000000000000000e+04 -6.286282270175014855e+04 -8.640069358368881512e+04 -2.220587783768225345e+05
4.900000000000000000e+04 -6.269263906686383416e+04 -8.633030994625264429e+04 -2.220477194418422005e+05
4.910000000000000000e+04 -6.252579240143255447e+04 -8.625811623395050992e+04 -2.220374140619242098e+05
4.920000000000000000e+04 -6.236240202590063564e+04 -8.618406515117464005e+04 -2.220279741888854478e+05
4.930000000000000000e+04 -6.220257029814469570e+04 -8.610811044553393731e+04 -2.220195015597010788e+05
4.940000000000000000e+04 -6.204638285112780432e+04 -8.603020721468995907e+04 -2.220120865938253992e+05
4.950000000000000000e+04 -6.189390897924943420e+04 -8.595031223837150901e+04 -2.220058074525357224e+05
4.960000000000000000e+04 -6.174520215679474495e+04 -8.586838433538755635e+04 -2.220007292687164154e+05
4.970000000000000000e+04 -6.160030067090928060e+04 -8.578438474506857165e+04 -2.219969035519701138e+05
4.980000000000000000e+04 -6.145922835105717968e+04 -8.569827753212564858e+04 -2.219943677705365408e+05
4.990000000000000000e+04 -6.132199537692163722e+04 -8.561003001342157950e+04 -2.219931451083201391e+05
5.000000000000000000e+04 -6.118859914712041063e+04 -8.551961320460173010e+04 -2.219932443924865220e+05
5.010000000000000000e+04 -6.105902519187160942e+04 -8.542700228393742873e+04 -2.219946601846147969e+05
5.020000000000000000e+04 -6.093324811379461607e+04 -8.533217707010195591e+04 -2.219973730263522011e+05
5.030000000000000000e+04 -6.081123254229911254e+04 -8.523512250993135967e+04 -2.220013498289366544e+05
5.040000000000000000e+04 -6.069293408843641373e+04 -8.513582917153762537e+04 -2.220065443948120228e+05
5.050000000000000000e+04 -6.057830028860847233e+04 -8.503429373745022167e+04 -2.220128980588685663e+05
5.060000000000000000e+04 -6.046727152708884387e+04 -8.493051949178366340e+04 -2.220203404365422903e+05
5.070000000000000000e+04 -6.035978192886926990e+04 -8.482451679478219012e+04 -2.220287902660722903e+05
5.080000000000000000e+04 -6.025576021586055867e+04 -8.471630353750182257e+04 -2.220381563325757452e+05
5.090000000000000000e+04 -6.015513052091746795e+04 -8.460590556887962157e+04 -2.220483384622002777e+05
5.100000000000000000e+04 -6.005781315550229920e+04 -8.449335708703257842e+04 -2.220592285753834876e+05
5.110000000000000000e+04 -5.996372532803200011e+04 -8.437870098635544127e+04 -2.220707117891155649e+05
5.120000000000000000e+04 -5.987278181105812109e+04 -8.426198915187238890e+04 -2.220826675590170489e+05
5.130000000000000000e+04 -5.978489555640558683e+04 -8.414328269235981861e+04 -2.220949708529192721e+05
5.140000000000000000e+04 -5.969997825823836320e+04 -8.402265210403013043e+04 -2.221074933484437643e+05
5.150000000000000000e+04 -5.961794086473857169e+04 -8.390017735705217638e+04 -2.221201046477511700e+05
5.160000000000000000e+04 -5.953869403967820836e+04 -8.377594789790602226e+04 -2.221326735031461867e+05
5.170000000000000000e+04 -5.946214857564373960e+04 -8.365006256152183050e+04 -2.221450690475440933e+05
5.180000000000000000e+04 -5.938821576104862470e+04 -8.352262938834163651e+04 -2.221571620239166950e+05
5.190000000000000000e+04 -5.931680770335144189e+04 -8.339376534284176887e+04 -2.221688260077294835e+05
5.200000000000000000e+04 -5.924783761109219631e+04 -8.326359593165820115e+04 -2.221799386160656577e+05
5.210000000000000000e+04 -5.918122003748720454e+04 -8.313225472121688654e+04 -2.221903826966237684e+05
5.220000000000000000e+04 -5.911687108838349377e+04 -8.299988275665864057e+04 -2.222000474890890182e+05
5.230000000000000000e+04 -5.905470859738223226e+04 -8.286662788581104542e+04 -2.222088297505685186e+05
5.240000000000000000e+04 -5.899465227090969711e+04 -8.273264399393818167e+04 -2.222166348358782707e+05
5.250000000000000000e+04 -5.893662380594220303e+04 -8.259809015694052505e+04 -2.222233777225355734e+05
5.260000000000000000e+04 -5.888054698299747542e+04 -8.246312972251526662e+04 -2.222289839694020629e+05
5.270000000000000000e+04 -5.882634773688600399e+04 -8.232792933046112012e+04 -2.222333905971147760e+05
5.280000000000000000e+04 -5.877395420758385444e+04 -8.219265788476487796e+04 -2.222365468777835486e+05
5.290000000000000000e+04 -5.872329677344649099e+04 -8.205748549128491140e+04 -2.222384150210162334e+05
