0.000000000000000000e+00 7.378000000000000000e+03 0.000000000000000000e+00 0.000000000000000000e+00
0.000000000000000000e+00 7.341461525931174037e+03 0.000000000000000000e+00 8.896375200596023660e+02
1.000000000000000000e+02 7.233273353988378403e+03 0.000000000000000000e+00 1.754738957561564575e+03
2.000000000000000000e+02 7.056794984039300289e+03 0.000000000000000000e+00 2.590363014883946562e+03
3.000000000000000000e+02 6.816334059746571256e+03 0.000000000000000000e+00 3.391390675379627282e+03
4.000000000000000000e+02 6.515566867715468106e+03 0.000000000000000000e+00 4.157153630242672079e+03
5.000000000000000000e+02 6.158581258252276712e+03 0.000000000000000000e+00 4.887113974938654792e+03
6.000000000000000000e+02 5.751097337590346797e+03 0.000000000000000000e+00 5.577076407888679569e+03
7.000000000000000000e+02 5.299025788741213546e+03 0.000000000000000000e+00 6.223882491990699236e+03
8.000000000000000000e+02 4.808266433503566077e+03 0.000000000000000000e+00 6.825337452645938356e+03
9.000000000000000000e+02 4.284549669518763039e+03 0.000000000000000000e+00 7.380105279837139278e+03
1.000000000000000000e+03 3.733321114090716947e+03 0.000000000000000000e+00 7.887587830907046737e+03
1.100000000000000000e+03 3.159665500707235424e+03 0.000000000000000000e+00 8.347800431805968401e+03
1.200000000000000000e+03 2.568263561101350660e+03 0.000000000000000000e+00 8.761252834757444361e+03
1.300000000000000000e+03 1.963374871102684892e+03 0.000000000000000000e+00 9.128841032287740745e+03
1.400000000000000000e+03 1.348839925174239852e+03 0.000000000000000000e+00 9.451752715275270020e+03
1.500000000000000000e+03 7.280955670808358491e+02 0.000000000000000000e+00 9.731387191675918075e+03
1.600000000000000000e+03 1.041989950031151011e+02 0.000000000000000000e+00 9.969289288819940339e+03
1.700000000000000000e+03 -5.201433447924546272e+02 0.000000000000000000e+00 1.016709601071282668e+04
1.800000000000000000e+03 -1.142544682602691410e+03 0.000000000000000000e+00 1.032649436445448009e+04
1.900000000000000000e+03 -1.760906563447054850e+03 0.000000000000000000e+00 1.044918867560188482e+04
2.000000000000000000e+03 -2.373388456467909236e+03 0.000000000000000000e+00 1.053687577828577923e+04
2.100000000000000000e+03 -2.978379113863441034e+03 0.000000000000000000e+00 1.059122661829778554e+04
2.200000000000000000e+03 -3.574470110444071906e+03 0.000000000000000000e+00 1.061387299684174286e+04
2.300000000000000000e+03 -4.160431752490348117e+03 0.000000000000000000e+00 1.060639837853113204e+04
2.400000000000000000e+03 -4.735191381895609084e+03 0.000000000000000000e+00 1.057033187207348419e+04
2.500000000000000000e+03 -5.297813997551678767e+03 0.000000000000000000e+00 1.050714465726082381e+04
2.600000000000000000e+03 -5.847485053844579852e+03 0.000000000000000000e+00 1.041824827423204442e+04
2.700000000000000000e+03 -6.383495263172246268e+03 0.000000000000000000e+00 1.030499431055391688e+04
2.800000000000000000e+03 -6.905227216082400446e+03 0.000000000000000000e+00 1.016867512025492942e+04
2.900000000000000000e+03 -7.412143632086797879e+03 0.000000000000000000e+00 1.001052528907492524e+04
3.000000000000000000e+03 -7.903777061579259680e+03 0.000000000000000000e+00 9.831723624598684182e+03
3.100000000000000000e+03 -8.379720871208266544e+03 0.000000000000000000e+00 9.633395501248656728e+03
3.200000000000000000e+03 -8.839621359259630481e+03 0.000000000000000000e+00 9.416615430685331376e+03
3.300000000000000000e+03 -9.283170862599356042e+03 0.000000000000000000e+00 9.182409760048372846e+03
3.400000000000000000e+03 -9.710101731566242961e+03 0.000000000000000000e+00 8.931759425389733224e+03
3.500000000000000000e+03 -1.012018106332028219e+04 0.000000000000000000e+00 8.665602707024012489e+03
3.600000000000000000e+03 -1.051320609723367670e+04 0.000000000000000000e+00 8.384837948509944908e+03
3.700000000000000000e+03 -1.088900018781263316e+04 0.000000000000000000e+00 8.090326212514073632e+03
3.800000000000000000e+03 -1.124740928132467525e+04 0.000000000000000000e+00 7.782893855640091715e+03
3.900000000000000000e+03 -1.158829883181013611e+04 0.000000000000000000e+00 7.463335011028451845e+03
4.000000000000000000e+03 -1.191155110054888974e+04 0.000000000000000000e+00 7.132413972609939265e+03
4.100000000000000000e+03 -1.221706279042571805e+04 0.000000000000000000e+00 6.790867478703665256e+03
4.200000000000000000e+03 -1.250495408416615646e+04 0.000000000000000000e+00 6.439160227913207564e+03
4.300000000000000000e+03 -1.277533315783341277e+04 0.000000000000000000e+00 6.077739920897121010e+03
4.400000000000000000e+03 -1.302808497860644820e+04 0.000000000000000000e+00 5.707287258708066474e+03
4.500000000000000000e+03 -1.326310514482976942e+04 0.000000000000000000e+00 5.328466039348081722e+03
4.600000000000000000e+03 -1.348029880179559404e+04 0.000000000000000000e+00 4.941924606955982199e+03
4.700000000000000000e+03 -1.367957966983994811e+04 0.000000000000000000e+00 4.548297237681130355e+03
4.800000000000000000e+03 -1.386086917254156106e+04 0.000000000000000000e+00 4.148205471270367525e+03
4.900000000000000000e+03 -1.402409565502104851e+04 0.000000000000000000e+00 3.742259396796631790e+03
5.000000000000000000e+03 -1.416919368422823936e+04 0.000000000000000000e+00 3.331058900355830701e+03
5.100000000000000000e+03 -1.429610342472380034e+04 0.000000000000000000e+00 2.915194881971830910e+03
5.200000000000000000e+03 -1.440477008484870203e+04 0.000000000000000000e+00 2.495250448392803264e+03
5.300000000000000000e+03 -1.449514342936865796e+04 0.000000000000000000e+00 2.071802087946902702e+03
5.400000000000000000e+03 -1.456717735571377489e+04 0.000000000000000000e+00 1.645420833159646463e+03
5.500000000000000000e+03 -1.462082953183708014e+04 0.000000000000000000e+00 1.216673416424972402e+03
5.600000000000000000e+03 -1.465606109451725024e+04 0.000000000000000000e+00 7.861234236700581732e+02
5.700000000000000000e+03 -1.467283640765672681e+04 0.000000000000000000e+00 3.543324506616582994e+02
5.800000000000000000e+03 -1.467112288080046710e+04 0.000000000000000000e+00 -7.813873363175054010e+01
5.900000000000000000e+03 -1.465089084874516266e+04 0.000000000000000000e+00 -5.107290123847608925e+02
6.000000000000000000e+03 -1.461211351374480910e+04 0.000000000000000000e+00 -9.428757308539735504e+02
6.100000000000000000e+03 -1.455476695246579038e+04 0.000000000000000000e+00 -1.374013486875384160e+03
6.200000000000000000e+03 -1.447883019052206873e+04 0.000000000000000000e+00 -1.803572897920620562e+03
6.300000000000000000e+03 -1.438428534814694285e+04 0.000000000000000000e+00 -2.230979340715081889e+03
6.400000000000000000e+03 -1.427111786135014154e+04 0.000000000000000000e+00 -2.655651659398932225e+03
6.500000000000000000e+03 -1.413931678378599281e+04 0.000000000000000000e+00 -3.077000838175013541e+03
6.600000000000000000e+03 -1.398887517553854923e+04 0.000000000000000000e+00 -3.494428634347473690e+03
6.700000000000000000e+03 -1.381979058613236521e+04 0.000000000000000000e+00 -3.907326167624488335e+03
6.800000000000000000e+03 -1.363206564032381175e+04 0.000000000000000000e+00 -4.315072461553279027e+03
6.900000000000000000e+03 -1.342570873663983366e+04 0.000000000000000000e+00 -4.717032932994009570e+03
7.000000000000000000e+03 -1.320073487023318194e+04 0.000000000000000000e+00 -5.112557825642988064e+03
7.100000000000000000e+03 -1.295716659344249820e+04 0.000000000000000000e+00 -5.500980583811543511e+03
7.200000000000000000e+03 -1.269503512951154516e+04 0.000000000000000000e+00 -5.881616162987602365e+03
7.300000000000000000e+03 -1.241440539634168817e+04 0.000000000000000000e+00 -6.253726345714248055e+03
7.400000000000000000e+03 -1.211535360273918377e+04 0.000000000000000000e+00 -6.616553897004238934e+03
7.500000000000000000e+03 -1.179794508882059927e+04 0.000000000000000000e+00 -6.969353439805088783e+03
7.600000000000000000e+03 -1.146226003091356506e+04 0.000000000000000000e+00 -7.311353361451314413e+03
7.700000000000000000e+03 -1.110839564843465450e+04 0.000000000000000000e+00 -7.641753797431741987e+03
7.800000000000000000e+03 -1.073646871429186649e+04 0.000000000000000000e+00 -7.959724547230816825e+03
7.900000000000000000e+03 -1.034661840902003860e+04 0.000000000000000000e+00 -8.264402928737896218e+03
8.000000000000000000e+03 -9.939009564307800247e+03 0.000000000000000000e+00 -8.554891581615358518e+03
8.100000000000000000e+03 -9.513836347618769651e+03 0.000000000000000000e+00 -8.830256235025941351e+03
8.200000000000000000e+03 -9.071326446254719485e+03 0.000000000000000000e+00 -9.089523461523531296e+03
8.300000000000000000e+03 -8.611745816430331615e+03 0.000000000000000000e+00 -9.331678447055584911e+03
8.400000000000000000e+03 -8.135404070655796204e+03 0.000000000000000000e+00 -9.555662817332167833e+03
8.500000000000000000e+03 -7.642660584811808803e+03 0.000000000000000000e+00 -9.760372573799037127e+03
8.600000000000000000e+03 -7.133931414505339490e+03 0.000000000000000000e+00 -9.944656208726037221e+03
8.700000000000000000e+03 -6.609697118221293749e+03 0.000000000000000000e+00 -1.010731308921827076e+04
8.800000000000000000e+03 -6.070511591837245760e+03 0.000000000000000000e+00 -1.024709222512932502e+04
8.900000000000000000e+03 -5.517012024365773868e+03 0.000000000000000000e+00 -1.036269156687770737e+04
9.000000000000000000e+03 -4.949930087068110879e+03 0.000000000000000000e+00 -1.045275801711820714e+04
9.100000000000000000e+03 -4.370104465568464548e+03 0.000000000000000000e+00 -1.051588838623832635e+04
9.200000000000000000e+03 -3.778494834843590979e+03 0.000000000000000000e+00 -1.055063157685036276e+04
9.300000000000000000e+03 -3.176197356658890385e+03 0.000000000000000000e+00 -1.055549234777027050e+04
9.400000000000000000e+03 -2.564461743786984698e+03 0.000000000000000000e+00 -1.052893708393097950e+04
9.500000000000000000e+03 -1.944709879500352599e+03 0.000000000000000000e+00 -1.046940208497911954e+04
9.600000000000000000e+03 -1.318555897222094245e+03 0.000000000000000000e+00 -1.037530498028018155e+04
9.700000000000000000e+03 -6.878275051427056042e+02 0.000000000000000000e+00 -1.024505997784023566e+04
9.800000000000000000e+03 -5.458817396587755866e+01 0.000000000000000000e+00 -1.007709775206007726e+04
9.900000000000000000e+03 5.788404181803834945e+02 0.000000000000000000e+00 -9.869890858329745242e+03
1.000000000000000000e+04 1.209856581681854550e+03 0.000000000000000000e+00 -9.621985612821819814e+03
1.010000000000000000e+04 1.835558717829969737e+03 0.000000000000000000e+00 -9.332041366708022906e+03
1.020000000000000000e+04 2.452729037331493601e+03 0.000000000000000000e+00 -8.998877998828387717e+03
1.030000000000000000e+04 3.057823113630400258e+03 0.000000000000000000e+00 -8.621532202765411057e+03
1.040000000000000000e+04 3.646968032061701251e+03 0.000000000000000000e+00 -8.199322698237665463e+03
1.050000000000000000e+04 4.215972410418254185e+03 0.000000000000000000e+00 -7.731923795593778777e+03
1.060000000000000000e+04 4.760351953997966120e+03 0.000000000000000000e+00 -7.219445739339480497e+03
1.070000000000000000e+04 5.275374326210117033e+03 0.000000000000000000e+00 -6.662518936687634778e+03
1.080000000000000000e+04 5.756126784037289326e+03 0.000000000000000000e+00 -6.062377584814183137e+03
1.090000000000000000e+04 6.197609050689882679e+03 0.000000000000000000e+00 -5.420936483727284212e+03
1.100000000000000000e+04 6.594852112621259948e+03 0.000000000000000000e+00 -4.740853218420896155e+03
1.110000000000000000e+04 6.943060977000424828e+03 0.000000000000000000e+00 -4.025566795699287923e+03
1.120000000000000000e+04 7.237776043140239381e+03 0.000000000000000000e+00 -3.279303690539318268e+03
1.130000000000000000e+04 7.473637611297124749e+03 0.000000000000000000e+00 -2.511054585691683315e+03
1.140000000000000000e+04 7.646420995265056263e+03 0.000000000000000000e+00 -1.730049233845653134e+03
1.150000000000000000e+04 7.754485181180654763e+03 0.000000000000000000e+00 -9.416344277918032049e+02
1.160000000000000000e+04 7.796912719610255408e+03 0.000000000000000000e+00 -1.515689576511070982e+02
1.170000000000000000e+04 7.773572044263130920e+03 0.000000000000000000e+00 6.341594629306061961e+02
1.180000000000000000e+04 7.685134760530855601e+03 0.000000000000000000e+00 1.409508382983754473e+03
1.190000000000000000e+04 7.533054072336446552e+03 0.000000000000000000e+00 2.168540055817337361e+03
1.200000000000000000e+04 7.319511428131027969e+03 0.000000000000000000e+00 2.905560502379175887e+03
1.210000000000000000e+04 7.047339269995206450e+03 0.000000000000000000e+00 3.615234046633441721e+03
1.220000000000000000e+04 6.719259758865639924e+03 0.000000000000000000e+00 4.294216565001877825e+03
1.230000000000000000e+04 6.338396068012034448e+03 0.000000000000000000e+00 4.939490492221817476e+03
1.240000000000000000e+04 5.908869365219813517e+03 0.000000000000000000e+00 5.546870874761007144e+03
1.250000000000000000e+04 5.435115211646245371e+03 0.000000000000000000e+00 6.112766982801575068e+03
1.260000000000000000e+04 4.921784915651498522e+03 0.000000000000000000e+00 6.634190828069503368e+03
1.270000000000000000e+04 4.373653324377304671e+03 0.000000000000000000e+00 7.108748581845507033e+03
1.280000000000000000e+04 3.795535775253405518e+03 0.000000000000000000e+00 7.534617911307366739e+03
1.290000000000000000e+04 3.192215909312043095e+03 0.000000000000000000e+00 7.910514479164707154e+03
1.300000000000000000e+04 2.568385125449668067e+03 0.000000000000000000e+00 8.235650791650668907e+03
1.310000000000000000e+04 1.928593689858254038e+03 0.000000000000000000e+00 8.509690310206000504e+03
1.320000000000000000e+04 1.277212933612841653e+03 0.000000000000000000e+00 8.732699341337671285e+03
1.330000000000000000e+04 6.184075725588930936e+02 0.000000000000000000e+00 8.905098756777435483e+03
1.340000000000000000e+04 -4.388305230811135971e+01 0.000000000000000000e+00 9.027617126909892249e+03
1.350000000000000000e+04 -7.059561181118713193e+02 0.000000000000000000e+00 9.101246412669337587e+03
1.360000000000000000e+04 -1.364350152183768387e+03 0.000000000000000000e+00 9.127200977668209816e+03
1.370000000000000000e+04 -2.015844788591094130e+03 0.000000000000000000e+00 9.106880363764132198e+03
1.380000000000000000e+04 -2.657456571066324159e+03 0.000000000000000000e+00 9.041836021079061538e+03
1.390000000000000000e+04 -3.286431787631547195e+03 0.000000000000000000e+00 8.933741993219002325e+03
1.400000000000000000e+04 -3.900237178214673804e+03 0.000000000000000000e+00 8.784369422359932287e+03
1.410000000000000000e+04 -4.496549216052305383e+03 0.000000000000000000e+00 8.595564647848452296e+03
1.420000000000000000e+04 -5.073242533501965227e+03 0.000000000000000000e+00 8.369230616839977301e+03
1.430000000000000000e+04 -5.628377946806994260e+03 0.000000000000000000e+00 8.107311297824473513e+03
1.440000000000000000e+04 -6.160190433913568995e+03 0.000000000000000000e+00 7.811778780368818843e+03
1.450000000000000000e+04 -6.667077334668442745e+03 0.000000000000000000e+00 7.484622751007442275e+03
1.460000000000000000e+04 -7.147586972722338942e+03 0.000000000000000000e+00 7.127842051149639701e+03
1.470000000000000000e+04 -7.600407841795239619e+03 0.000000000000000000e+00 6.743438044466663996e+03
1.480000000000000000e+04 -8.024358453961081977e+03 0.000000000000000000e+00 6.333409545744638308e+03
1.490000000000000000e+04 -8.418377912577432653e+03 0.000000000000000000e+00 5.899749088682117872e+03
1.500000000000000000e+04 -8.781517245799706870e+03 0.000000000000000000e+00 5.444440335222994690e+03
1.510000000000000000e+04 -9.112931516808059314e+03 0.000000000000000000e+00 4.969456452859717501e+03
1.520000000000000000e+04 -9.411872712646603759e+03 0.000000000000000000e+00 4.476759308376023000e+03
1.530000000000000000e+04 -9.677711528814441408e+03 0.000000000000000000e+00 3.968249483825746211e+03
1.540000000000000000e+04 -9.909899009681947064e+03 0.000000000000000000e+00 3.445818020531982256e+03
1.550000000000000000e+04 -1.010793397797356738e+04 0.000000000000000000e+00 2.911397653835621895e+03
1.560000000000000000e+04 -1.027139214389880544e+04 0.000000000000000000e+00 2.366913210965697999e+03
1.570000000000000000e+04 -1.039992281113825629e+04 0.000000000000000000e+00 1.814283097925990205e+03
1.580000000000000000e+04 -1.049324624713867343e+04 0.000000000000000000e+00 1.255421021473787505e+03
1.590000000000000000e+04 -1.055115170455093721e+04 0.000000000000000000e+00 6.922378914870022300e+02
1.600000000000000000e+04 -1.057349608397822703e+04 0.000000000000000000e+00 1.266438540145587694e+02
1.610000000000000000e+04 -1.056020323189466581e+04 0.000000000000000000e+00 -4.394495912493891865e+02
1.620000000000000000e+04 -1.051126387150216578e+04 0.000000000000000000e+00 -1.004127433364409740e+03
1.630000000000000000e+04 -1.042673616828951526e+04 0.000000000000000000e+00 -1.565468996191195401e+03
1.640000000000000000e+04 -1.030674693602652223e+04 0.000000000000000000e+00 -2.121545832767546472e+03
1.650000000000000000e+04 -1.015149349274875021e+04 0.000000000000000000e+00 -2.670419715038442519e+03
1.660000000000000000e+04 -9.961246179834810391e+03 0.000000000000000000e+00 -3.210140769792743868e+03
1.670000000000000000e+04 -9.736351560394574335e+03 0.000000000000000000e+00 -3.738745817034138781e+03
1.680000000000000000e+04 -9.477236315685329828e+03 0.000000000000000000e+00 -4.254256974025456657e+03
1.690000000000000000e+04 -9.184422230290496373e+03 0.000000000000000000e+00 -4.754661504436020550e+03
1.700000000000000000e+04 -8.858521689064516977e+03 0.000000000000000000e+00 -5.237932067800664299e+03
1.710000000000000000e+04 -8.500233233820885289e+03 0.000000000000000000e+00 -5.702045658427219678e+03
1.720000000000000000e+04 -8.110358118651362929e+03 0.000000000000000000e+00 -6.144963168475628663e+03
1.730000000000000000e+04 -7.689807970238035523e+03 0.000000000000000000e+00 -6.564630593581575340e+03
1.740000000000000000e+04 -7.239613242589214678e+03 0.000000000000000000e+00 -6.958981127196655507e+03
1.750000000000000000e+04 -6.760932457444569991e+03 0.000000000000000000e+00 -7.325938309482167824e+03
1.760000000000000000e+04 -6.255062203907659750e+03 0.000000000000000000e+00 -7.663420419500118442e+03
1.770000000000000000e+04 -5.723447846872039918e+03 0.000000000000000000e+00 -7.969346323741279775e+03
1.780000000000000000e+04 -5.167694862147162894e+03 0.000000000000000000e+00 -8.241643018944865617e+03
1.790000000000000000e+04 -4.589580675355382482e+03 0.000000000000000000e+00 -8.478255131512891239e+03
1.800000000000000000e+04 -3.991066830067501542e+03 0.000000000000000000e+00 -8.677156657878484111e+03
1.810000000000000000e+04 -3.374311246693588146e+03 0.000000000000000000e+00 -8.836365247537029063e+03
1.820000000000000000e+04 -2.741680255953663163e+03 0.000000000000000000e+00 -8.953959339832228579e+03
1.830000000000000000e+04 -2.095759998361048019e+03 0.000000000000000000e+00 -9.028098462748641396e+03
1.840000000000000000e+04 -1.439366673896941393e+03 0.000000000000000000e+00 -9.057046981523797513e+03
1.850000000000000000e+04 -7.755550050568592724e+02 0.000000000000000000e+00 -9.039201540322848814e+03
1.860000000000000000e+04 -1.076241447273059748e+02 0.000000000000000000e+00 -8.973122363919705094e+03
1.870000000000000000e+04 5.608798764347249062e+02 0.000000000000000000e+00 -8.857568469960151560e+03
1.880000000000000000e+04 1.226166201182261830e+03 0.000000000000000000e+00 -8.691536677506563137e+03
1.890000000000000000e+04 1.884206848824101144e+03 0.000000000000000000e+00 -8.474304076729486042e+03
1.900000000000000000e+04 2.530751303561070927e+03 0.000000000000000000e+00 -8.205473342971265083e+03
1.910000000000000000e+04 3.161349242554578723e+03 0.000000000000000000e+00 -7.885019935907690524e+03
1.920000000000000000e+04 3.771382594034856993e+03 0.000000000000000000e+00 -7.513339828599442626e+03
1.930000000000000000e+04 4.356107936904233611e+03 0.000000000000000000e+00 -7.091295979668670043e+03
1.940000000000000000e+04 4.910709932406870394e+03 0.000000000000000000e+00 -6.620261325462162858e+03
1.950000000000000000e+04 5.430365995227794883e+03 0.000000000000000000e+00 -6.102155673134831886e+03
1.960000000000000000e+04 5.910321759704289434e+03 0.000000000000000000e+00 -5.539473579074252484e+03
1.970000000000000000e+04 6.345976092396091190e+03 0.000000000000000000e+00 -4.935300168549151749e+03
1.980000000000000000e+04 6.732973489408726891e+03 0.000000000000000000e+00 -4.293311961746697307e+03
1.990000000000000000e+04 7.067300752057549289e+03 0.000000000000000000e+00 -3.617760177079388541e+03
2.000000000000000000e+04 7.344700275531058651e+03 0.000000000000000000e+00 -2.914974349808667284e+03
2.010000000000000000e+04 7.561623631893615311e+03 0.000000000000000000e+00 -2.191682027558496884e+03
2.020000000000000000e+04 7.715971575082549862e+03 0.000000000000000000e+00 -1.453373135209024667e+03
2.030000000000000000e+04 7.806268150383405555e+03 0.000000000000000000e+00 -7.058159018753415239e+02
2.040000000000000000e+04 7.831696344144700561e+03 0.000000000000000000e+00 4.503783721734009760e+01
2.050000000000000000e+04 7.792116053481614472e+03 0.000000000000000000e+00 7.931506492001694824e+02
2.060000000000000000e+04 7.688064488928875107e+03 0.000000000000000000e+00 1.532497129870312619e+03
2.070000000000000000e+04 7.520739984522576378e+03 0.000000000000000000e+00 2.257157668254881628e+03
2.080000000000000000e+04 7.291970935053746871e+03 0.000000000000000000e+00 2.961405305957734527e+03
2.090000000000000000e+04 7.004172151582931292e+03 0.000000000000000000e+00 3.639783250313962981e+03
2.100000000000000000e+04 6.659947356818092885e+03 0.000000000000000000e+00 4.287893099000577422e+03
2.110000000000000000e+04 6.262341626377281500e+03 0.000000000000000000e+00 4.901647582669320400e+03
2.120000000000000000e+04 5.815135482436394341e+03 0.000000000000000000e+00 5.476594427387324686e+03
2.130000000000000000e+04 5.322479079631040804e+03 0.000000000000000000e+00 6.008755203230855841e+03
2.140000000000000000e+04 4.788823485079853526e+03 0.000000000000000000e+00 6.494651645603980796e+03
2.150000000000000000e+04 4.218851920986973710e+03 0.000000000000000000e+00 6.931320843808841346e+03
2.160000000000000000e+04 3.617412865994169806e+03 0.000000000000000000e+00 7.316320081728914374e+03
2.170000000000000000e+04 2.989456591266857231e+03 0.000000000000000000e+00 7.647722418610705972e+03
2.180000000000000000e+04 2.339976354258099491e+03 0.000000000000000000e+00 7.924104298729353104e+03
2.190000000000000000e+04 1.673955116037568132e+03 0.000000000000000000e+00 8.144526582074979160e+03
2.200000000000000000e+04 9.963183103737416104e+02 0.000000000000000000e+00 8.308510405814009573e+03
2.210000000000000000e+04 3.118928913146729656e+02 0.000000000000000000e+00 8.416009234053059117e+03
2.220000000000000000e+04 -3.746273687894058639e+02 0.000000000000000000e+00 8.467378348958638526e+03
2.230000000000000000e+04 -1.058710562483060812e+03 0.000000000000000000e+00 8.463342896856984225e+03
2.240000000000000000e+04 -1.736009695852322693e+03 0.000000000000000000e+00 8.404965444116447543e+03
2.250000000000000000e+04 -2.402380591986945092e+03 0.000000000000000000e+00 8.293613832382818146e+03
2.260000000000000000e+04 -3.053895202130158850e+03 0.000000000000000000e+00 8.130929961152873148e+03
2.270000000000000000e+04 -3.686850906189421039e+03 0.000000000000000000e+00 7.918799974900319285e+03
2.280000000000000000e+04 -4.297776385576946268e+03 0.000000000000000000e+00 7.659326196577301744e+03
2.290000000000000000e+04 -4.883434632000816237e+03 0.000000000000000000e+00 7.354801031697124017e+03
2.300000000000000000e+04 -5.440823621978470328e+03 0.000000000000000000e+00 7.007682968058022198e+03
2.310000000000000000e+04 -5.967175143713585385e+03 0.000000000000000000e+00 6.620574714958857840e+03
2.320000000000000000e+04 -6.459952214797608576e+03 0.000000000000000000e+00 6.196203461126732691e+03
2.330000000000000000e+04 -6.916845479247665025e+03 0.000000000000000000e+00 5.737403180678410536e+03
2.340000000000000000e+04 -7.335768923090074168e+03 0.000000000000000000e+00 5.247098879200747433e+03
2.350000000000000000e+04 -7.714855200719585810e+03 0.000000000000000000e+00 4.728292645352979889e+03
2.360000000000000000e+04 -8.052450820675260729e+03 0.000000000000000000e+00 4.184051355251032874e+03
2.370000000000000000e+04 -8.347111399857567449e+03 0.000000000000000000e+00 3.617495865448343011e+03
2.380000000000000000e+04 -8.597611018425730435e+03 0.000000000000000000e+00 3.031762231535559749e+03
2.390000000000000000e+04 -8.802921348097461305e+03 0.000000000000000000e+00 2.430023526924335783e+03
2.400000000000000000e+04 -8.962194466014672798e+03 0.000000000000000000e+00 1.815512123475135013e+03
2.410000000000000000e+04 -9.074776938792851070e+03 0.000000000000000000e+00 1.191483254232383388e+03
2.420000000000000000e+04 -9.140207602378815864e+03 0.000000000000000000e+00 5.612089373601983198e+02
2.430000000000000000e+04 -9.158216027563228636e+03 0.000000000000000000e+00 -7.202766722527246657e+01
2.440000000000000000e+04 -9.128721703109167720e+03 0.000000000000000000e+00 -7.049376302500700149e+02
2.450000000000000000e+04 -9.051833953573697727e+03 0.000000000000000000e+00 -1.334231515111170665e+03
2.460000000000000000e+04 -8.927852594594362017e+03 0.000000000000000000e+00 -1.956624689768630105e+03
2.470000000000000000e+04 -8.757269314132321597e+03 0.000000000000000000e+00 -2.568842849135452070e+03
2.480000000000000000e+04 -8.540769753355572902e+03 0.000000000000000000e+00 -3.167627909737867412e+03
2.490000000000000000e+04 -8.279236244960537078e+03 0.000000000000000000e+00 -3.749744440136133562e+03
2.500000000000000000e+04 -7.973751149226617599e+03 0.000000000000000000e+00 -4.311986792629640149e+03
2.510000000000000000e+04 -7.625608499478794329e+03 0.000000000000000000e+00 -4.851173972023534589e+03
2.520000000000000000e+04 -7.236310934854409425e+03 0.000000000000000000e+00 -5.364173159435086745e+03
2.530000000000000000e+04 -6.807566275431418944e+03 0.000000000000000000e+00 -5.847923072302297442e+03
2.540000000000000000e+04 -6.341299355626088072e+03 0.000000000000000000e+00 -6.299431043535527351e+03
2.550000000000000000e+04 -5.839656651361840886e+03 0.000000000000000000e+00 -6.715786090881166274e+03
2.560000000000000000e+04 -5.305010644467206475e+03 0.000000000000000000e+00 -7.094173665115315998e+03
2.570000000000000000e+04 -4.739963661778482674e+03 0.000000000000000000e+00 -7.431892216524196556e+03
2.580000000000000000e+04 -4.147350882862696380e+03 0.000000000000000000e+00 -7.726371697127767220e+03
2.590000000000000000e+04 -3.530242164105002303e+03 0.000000000000000000e+00 -7.975194084973883946e+03
2.600000000000000000e+04 -2.891942279437272191e+03 0.000000000000000000e+00 -8.176115974640294553e+03
2.610000000000000000e+04 -2.235989131169847042e+03 0.000000000000000000e+00 -8.327093222880404937e+03
2.620000000000000000e+04 -1.566149440922953545e+03 0.000000000000000000e+00 -8.426307568316457036e+03
2.630000000000000000e+04 -8.864113940787891579e+02 0.000000000000000000e+00 -8.472195057741901110e+03
2.640000000000000000e+04 -2.009736859288333335e+02 0.000000000000000000e+00 -8.463476008082639964e+03
2.650000000000000000e+04 4.857695909064941588e+02 0.000000000000000000e+00 -8.399186112485756894e+03
2.660000000000000000e+04 1.169248764081261015e+03 0.000000000000000000e+00 -8.278708162817823904e+03
2.670000000000000000e+04 1.844743607034163915e+03 0.000000000000000000e+00 -8.101803712318913313e+03
2.680000000000000000e+04 2.507413996006327579e+03 0.000000000000000000e+00 -7.868643846735450097e+03
2.690000000000000000e+04 3.152336501067597965e+03 0.000000000000000000e+00 -7.579838077942426025e+03
2.700000000000000000e+04 3.774547046308162408e+03 0.000000000000000000e+00 -7.236460231545732313e+03
2.710000000000000000e+04 4.369089558916782153e+03 0.000000000000000000e+00 -6.840070082459909827e+03
2.720000000000000000e+04 4.931070265222047055e+03 0.000000000000000000e+00 -6.392729415231286112e+03
2.730000000000000000e+04 5.455716990628148778e+03 0.000000000000000000e+00 -5.897011165158242875e+03
2.740000000000000000e+04 5.938442492105369638e+03 0.000000000000000000e+00 -5.356000347727770531e+03
2.750000000000000000e+04 6.374910514866078302e+03 0.000000000000000000e+00 -4.773285620633343569e+03
2.760000000000000000e+04 6.761102943004781991e+03 0.000000000000000000e+00 -4.152940552833887523e+03
2.770000000000000000e+04 7.093386135326598378e+03 0.000000000000000000e+00 -3.499493999656511733e+03
2.780000000000000000e+04 7.368242923282624361e+03 0.000000000000000000e+00 -2.818617434922540724e+03
2.790000000000000000e+04 7.582744847872846549e+03 0.000000000000000000e+00 -2.116316754954248609e+03
2.800000000000000000e+04 7.734923507095018067e+03 0.000000000000000000e+00 -1.398130733087586577e+03
2.810000000000000000e+04 7.823383453345247290e+03 0.000000000000000000e+00 -6.698081795329242141e+02
2.820000000000000000e+04 7.847324856038640064e+03 0.000000000000000000e+00 6.276292849602555179e+01
2.830000000000000000e+04 7.806555613711871956e+03 0.000000000000000000e+00 7.936283630491143413e+02
2.840000000000000000e+04 7.701492880786141541e+03 0.000000000000000000e+00 1.516840773167284624e+03
2.850000000000000000e+04 7.533154335463940697e+03 0.000000000000000000e+00 2.226531255362722732e+03
2.860000000000000000e+04 7.303139843240201117e+03 0.000000000000000000e+00 2.916977742172172839e+03
2.870000000000000000e+04 7.013604447789435653e+03 0.000000000000000000e+00 3.582668792595283776e+03
2.880000000000000000e+04 6.667223835161335046e+03 0.000000000000000000e+00 4.218361624078012028e+03
2.890000000000000000e+04 6.266949942801385077e+03 0.000000000000000000e+00 4.819470814857367259e+03
2.900000000000000000e+04 5.816155576662949898e+03 0.000000000000000000e+00 5.381736251346333120e+03
2.910000000000000000e+04 5.318796198176189137e+03 0.000000000000000000e+00 5.900924220083657019e+03
2.920000000000000000e+04 4.779175170818737570e+03 0.000000000000000000e+00 6.373236396269964644e+03
2.930000000000000000e+04 4.201890373302591797e+03 0.000000000000000000e+00 6.795335695414688416e+03
2.940000000000000000e+04 3.591779760372010969e+03 0.000000000000000000e+00 7.164364794239122602e+03
2.950000000000000000e+04 2.953866967626364385e+03 0.000000000000000000e+00 7.477957566868760296e+03
2.960000000000000000e+04 2.293307941989341998e+03 0.000000000000000000e+00 7.734243849201647208e+03
2.970000000000000000e+04 1.615339442088332817e+03 0.000000000000000000e+00 7.931848076191753535e+03
2.980000000000000000e+04 9.252301023165914557e+02 0.000000000000000000e+00 8.069882432186169353e+03
2.990000000000000000e+04 2.282345994575005079e+02 0.000000000000000000e+00 8.147935214259357053e+03
3.000000000000000000e+04 -4.704486909945392199e+02 0.000000000000000000e+00 8.166055135399531537e+03
3.010000000000000000e+04 -1.165716304198901526e+03 0.000000000000000000e+00 8.124732292446858082e+03
3.020000000000000000e+04 -1.852594445196175911e+03 0.000000000000000000e+00 8.024876497686636867e+03
3.030000000000000000e+04 -2.526269894304493846e+03 0.000000000000000000e+00 7.867793628117768094e+03
3.040000000000000000e+04 -3.182117148918633120e+03 0.000000000000000000e+00 7.655160587739330367e+03
3.050000000000000000e+04 -3.815721967327709535e+03 0.000000000000000000e+00 7.388999410458211969e+03
3.060000000000000000e+04 -4.422901537601846940e+03 0.000000000000000000e+00 7.071650958591369999e+03
3.070000000000000000e+04 -4.999721535371691971e+03 0.000000000000000000e+00 6.705748597919396161e+03
3.080000000000000000e+04 -5.542510360173288063e+03 0.000000000000000000e+00 6.294192157637275159e+03
3.090000000000000000e+04 -6.047870852933780043e+03 0.000000000000000000e+00 5.840122414447907431e+03
3.100000000000000000e+04 -6.512689799183708601e+03 0.000000000000000000e+00 5.346896275928594150e+03
3.110000000000000000e+04 -6.934145515696913208e+03 0.000000000000000000e+00 4.818062780098391158e+03
3.120000000000000000e+04 -7.309713804330011044e+03 0.000000000000000000e+00 4.257339976301892420e+03
3.130000000000000000e+04 -7.637172537505543914e+03 0.000000000000000000e+00 3.668592707225609956e+03
3.140000000000000000e+04 -7.914605116465683750e+03 0.000000000000000000e+00 3.055811272937628019e+03
3.150000000000000000e+04 -8.140411313624110335e+03 0.000000000000000000e+00 2.423070393749532741e+03
3.160000000000000000e+04 -8.313298720438440796e+03 0.000000000000000000e+00 1.774530667555626678e+03
3.170000000000000000e+04 -8.432275949262868380e+03 0.000000000000000000e+00 1.114440283905164961e+03
3.180000000000000000e+04 -8.496664131007224569e+03 0.000000000000000000e+00 4.470954664930117133e+02
3.190000000000000000e+04 -8.506097528559535931e+03 0.000000000000000000e+00 -2.231778315980324123e+02
3.200000000000000000e+04 -8.460523845639587307e+03 0.000000000000000000e+00 -8.920420083226421184e+02
3.210000000000000000e+04 -8.360204262295177614e+03 0.000000000000000000e+00 -1.555165809687246565e+03
3.220000000000000000e+04 -8.205713198732548335e+03 0.000000000000000000e+00 -2.208242386040646579e+03
3.230000000000000000e+04 -7.997937779636700725e+03 0.000000000000000000e+00 -2.847007548810950539e+03
3.240000000000000000e+04 -7.738076941606983382e+03 0.000000000000000000e+00 -3.467258364000291294e+03
3.250000000000000000e+04 -7.427640096860644917e+03 0.000000000000000000e+00 -4.064872210394773901e+03
3.260000000000000000e+04 -7.068451127045620524e+03 0.000000000000000000e+00 -4.635816137438426267e+03
3.270000000000000000e+04 -6.662640312145414100e+03 0.000000000000000000e+00 -5.176178552980643872e+03
3.280000000000000000e+04 -6.212634775102541425e+03 0.000000000000000000e+00 -5.682200571383020360e+03
3.290000000000000000e+04 -5.721159205169252346e+03 0.000000000000000000e+00 -6.150286482425487520e+03
3.300000000000000000e+04 -5.191229990430346334e+03 0.000000000000000000e+00 -6.577026383108607661e+03
3.310000000000000000e+04 -4.626147821302311058e+03 0.000000000000000000e+00 -6.959219625897126207e+03
3.320000000000000000e+04 -4.029488499877342747e+03 0.000000000000000000e+00 -7.293899032119051299e+03
3.330000000000000000e+04 -3.405091675405969909e+03 0.000000000000000000e+00 -7.578355771399020341e+03
3.340000000000000000e+04 -2.757047217943582837e+03 0.000000000000000000e+00 -7.810164754151909619e+03
3.350000000000000000e+04 -2.089678941889718772e+03 0.000000000000000000e+00 -7.987210324662981293e+03
3.360000000000000000e+04 -1.407525400638836345e+03 0.000000000000000000e+00 -8.107711977895510245e+03
3.370000000000000000e+04 -7.153174947256251244e+02 0.000000000000000000e+00 -8.170249755135458145e+03
3.380000000000000000e+04 -1.795267053998929896e+01 0.000000000000000000e+00 -8.173788903702753487e+03
3.390000000000000000e+04 6.795344634181996071e+02 0.000000000000000000e+00 -8.117703316645983250e+03
3.400000000000000000e+04 1.372005209358709635e+03 0.000000000000000000e+00 -8.001797202654989633e+03
3.410000000000000000e+04 2.054253565020216683e+03 0.000000000000000000e+00 -7.826324378066600730e+03
3.420000000000000000e+04 2.721046642494306980e+03 0.000000000000000000e+00 -7.592004526044523118e+03
3.430000000000000000e+04 3.367168525973337637e+03 0.000000000000000000e+00 -7.300035737421033446e+03
3.440000000000000000e+04 3.987467242387397619e+03 0.000000000000000000e+00 -6.952102638083986676e+03
3.450000000000000000e+04 4.576904377759132331e+03 0.000000000000000000e+00 -6.550379423790946930e+03
3.460000000000000000e+04 5.130606725927385924e+03 0.000000000000000000e+00 -6.097527168924401849e+03
3.470000000000000000e+04 5.643919211615500899e+03 0.000000000000000000e+00 -5.596684853955934159e+03
3.480000000000000000e+04 6.112458194390239441e+03 0.000000000000000000e+00 -5.051453668726257092e+03
3.490000000000000000e+04 6.532164142440879914e+03 0.000000000000000000e+00 -4.465874294563875083e+03
3.500000000000000000e+04 6.899352574158345305e+03 0.000000000000000000e+00 -3.844397044924226066e+03
3.510000000000000000e+04 7.210762109665283788e+03 0.000000000000000000e+00 -3.191844946281676584e+03
3.520000000000000000e+04 7.463444570150100844e+03 0.000000000000000000e+00 -2.513732954352326033e+03
3.530000000000000000e+04 7.654997761014451498e+03 0.000000000000000000e+00 -1.815842180180209880e+03
3.540000000000000000e+04 7.783746592958480505e+03 0.000000000000000000e+00 -1.103795460887668924e+03
3.550000000000000000e+04 7.848567356176443354e+03 0.000000000000000000e+00 -3.833685634933507345e+02
3.560000000000000000e+04 7.848901411654350341e+03 0.000000000000000000e+00 3.395699016945484345e+02
3.570000000000000000e+04 7.784761396622149732e+03 0.000000000000000000e+00 1.059119496672634796e+03
3.580000000000000000e+04 7.656729980045056436e+03 0.000000000000000000e+00 1.769408827661901569e+03
3.590000000000000000e+04 7.465951378237751669e+03 0.000000000000000000e+00 2.464655241161177400e+03
3.600000000000000000e+04 7.214116000062802414e+03 0.000000000000000000e+00 3.139222383530575826e+03
3.610000000000000000e+04 6.903438729876419529e+03 0.000000000000000000e+00 3.787674761503618356e+03
3.620000000000000000e+04 6.536529737543080046e+03 0.000000000000000000e+00 4.405018632221094776e+03
3.630000000000000000e+04 6.116455003349236904e+03 0.000000000000000000e+00 4.986537554712122073e+03
3.640000000000000000e+04 5.646805429543105674e+03 0.000000000000000000e+00 5.527644477420981275e+03
3.650000000000000000e+04 5.131567589565166600e+03 0.000000000000000000e+00 6.024130768727259237e+03
3.660000000000000000e+04 4.575080458464633921e+03 0.000000000000000000e+00 6.472199758313337043e+03
3.670000000000000000e+04 3.981989540692288301e+03 0.000000000000000000e+00 6.868494767176021924e+03
3.680000000000000000e+04 3.357199181429638884e+03 0.000000000000000000e+00 7.210121504352577176e+03
3.690000000000000000e+04 2.705823826629722134e+03 0.000000000000000000e+00 7.494664830788190557e+03
3.700000000000000000e+04 2.033138956217658915e+03 0.000000000000000000e+00 7.720200002266587944e+03
3.710000000000000000e+04 1.344532357864852884e+03 0.000000000000000000e+00 7.885298600922692458e+03
3.720000000000000000e+04 6.454563392040452072e+02 0.000000000000000000e+00 7.989029446482029925e+03
3.730000000000000000e+04 -5.861860180426549505e+01 0.000000000000000000e+00 8.030954842904550787e+03
3.740000000000000000e+04 -7.622482116218925512e+02 0.000000000000000000e+00 8.011122563312920647e+03
3.750000000000000000e+04 -1.460056668573803108e+03 0.000000000000000000e+00 7.930054006488426239e+03
3.760000000000000000e+04 -2.146776253122745857e+03 0.000000000000000000e+00 7.788728972978581623e+03
3.770000000000000000e+04 -2.817284309397957259e+03 0.000000000000000000e+00 7.588567509605043597e+03
3.780000000000000000e+04 -3.466637378380949031e+03 0.000000000000000000e+00 7.331409259826409652e+03
3.790000000000000000e+04 -4.090102447386093900e+03 0.000000000000000000e+00 7.019490736102296069e+03
3.800000000000000000e+04 -4.683185316024690110e+03 0.000000000000000000e+00 6.655420901267282716e+03
3.810000000000000000e+04 -5.241656125235442232e+03 0.000000000000000000e+00 6.242155411037389968e+03
3.820000000000000000e+04 -5.761572133123194362e+03 0.000000000000000000e+00 5.782969831078488824e+03
3.830000000000000000e+04 -6.239297849511694949e+03 0.000000000000000000e+00 5.281432101312300802e+03
3.840000000000000000e+04 -6.671522660769524009e+03 0.000000000000000000e+00 4.741374478843556062e+03
3.850000000000000000e+04 -7.055276088268874446e+03 0.000000000000000000e+00 4.166865150347372946e+03
3.860000000000000000e+04 -7.387940828553326355e+03 0.000000000000000000e+00 3.562179666012416419e+03
3.870000000000000000e+04 -7.667263721750036893e+03 0.000000000000000000e+00 2.931772311028837066e+03
3.880000000000000000e+04 -7.891370129101272141e+03 0.000000000000000000e+00 2.280233898954920278e+03
3.890000000000000000e+04 -8.058764414307711377e+03 0.000000000000000000e+00 1.612277289656610265e+03
3.900000000000000000e+04 -8.168330318269189775e+03 0.000000000000000000e+00 9.327227675856586302e+02
3.910000000000000000e+04 -8.219341880996355030e+03 0.000000000000000000e+00 2.464558371688082161e+02
3.920000000000000000e+04 -8.211465972572619648e+03 0.000000000000000000e+00 -4.416010905568383578e+02
3.930000000000000000e+04 -8.144763326621980923e+03 0.000000000000000000e+00 -1.126516954680146682e+03
3.940000000000000000e+04 -8.019688098446932599e+03 0.000000000000000000e+00 -1.803380265376420539e+03
3.950000000000000000e+04 -7.837085946990711818e+03 0.000000000000000000e+00 -2.467327311658422332e+03
3.960000000000000000e+04 -7.598190616849979961e+03 0.000000000000000000e+00 -3.113570375738799612e+03
3.970000000000000000e+04 -7.304618974267513295e+03 0.000000000000000000e+00 -3.737425966632687960e+03
3.980000000000000000e+04 -6.958364429934576947e+03 0.000000000000000000e+00 -4.334343074027512557e+03
3.990000000000000000e+04 -6.561792897167082629e+03 0.000000000000000000e+00 -4.899924798364775597e+03
4.000000000000000000e+04 -6.117628739351825971e+03 0.000000000000000000e+00 -5.429963956049782610e+03
4.010000000000000000e+04 -5.628938400080326574e+03 0.000000000000000000e+00 -5.920477834283543416e+03
4.020000000000000000e+04 -5.099120194361159520e+03 0.000000000000000000e+00 -6.367728731140240598e+03
4.030000000000000000e+04 -4.531888083968425235e+03 0.000000000000000000e+00 -6.768251549977097056e+03
4.040000000000000000e+04 -3.931253159643267736e+03 0.000000000000000000e+00 -7.118880943733893218e+03
4.050000000000000000e+04 -3.301502703835467400e+03 0.000000000000000000e+00 -7.416777823749633171e+03
4.060000000000000000e+04 -2.647176719547496759e+03 0.000000000000000000e+00 -7.659455009867008812e+03
4.070000000000000000e+04 -1.973041830127231151e+03 0.000000000000000000e+00 -7.844801760196419309e+03
4.080000000000000000e+04 -1.284062482125583301e+03 0.000000000000000000e+00 -7.971106881184359736e+03
4.090000000000000000e+04 -5.853694190057856304e+02 0.000000000000000000e+00 -8.037080083001362254e+03
4.100000000000000000e+04 1.177745622509801251e+02 0.000000000000000000e+00 -8.041871213357333545e+03
4.110000000000000000e+04 8.200115068606260138e+02 0.000000000000000000e+00 -7.985086976463606334e+03
4.120000000000000000e+04 1.515927724738806319e+03 0.000000000000000000e+00 -7.866804724910524783e+03
4.130000000000000000e+04 2.200095546387430659e+03 0.000000000000000000e+00 -7.687582902688651302e+03
4.140000000000000000e+04 2.867117145132808218e+03 0.000000000000000000e+00 -7.448467719381932511e+03
4.150000000000000000e+04 3.511670081160028076e+03 0.000000000000000000e+00 -7.150995650479157121e+03
4.160000000000000000e+04 4.128554143735026628e+03 0.000000000000000000e+00 -6.797191388277347869e+03
4.170000000000000000e+04 4.712738990254986675e+03 0.000000000000000000e+00 -6.389560913052110664e+03
4.180000000000000000e+04 5.259412007544558037e+03 0.000000000000000000e+00 -5.931079415541560593e+03
4.190000000000000000e+04 5.764025755620157724e+03 0.000000000000000000e+00 -5.425173879128784392e+03
4.200000000000000000e+04 6.222344300591013052e+03 0.000000000000000000e+00 -4.875700222403898806e+03
4.210000000000000000e+04 6.630487704981912430e+03 0.000000000000000000e+00 -4.286915008160221078e+03
4.220000000000000000e+04 6.984973923764984647e+03 0.000000000000000000e+00 -3.663441840564299127e+03
4.230000000000000000e+04 7.282757355441441177e+03 0.000000000000000000e+00 -3.010232694636617452e+03
4.240000000000000000e+04 7.521182679294099216e+03 0.000000000000000000e+00 -2.332724613669492101e+03
4.250000000000000000e+04 7.698116997123042893e+03 0.000000000000000000e+00 -1.636585117093648250e+03
4.260000000000000000e+04 7.812051947975760413e+03 0.000000000000000000e+00 -9.274575608773974409e+02
4.270000000000000000e+04 7.862015926850467622e+03 0.000000000000000000e+00 -2.111114697077028950e+02
4.280000000000000000e+04 7.847584273645080430e+03 0.000000000000000000e+00 5.066118420617476659e+02
4.290000000000000000e+04 7.768883430041264546e+03 0.000000000000000000e+00 1.219854272493674671e+03
4.300000000000000000e+04 7.626589086060862428e+03 0.000000000000000000e+00 1.922795809111489689e+03
4.310000000000000000e+04 7.421918442378339023e+03 0.000000000000000000e+00 2.609708554604852907e+03
4.320000000000000000e+04 7.156616811808443344e+03 0.000000000000000000e+00 3.275009212831282184e+03
4.330000000000000000e+04 6.832938871017117890e+03 0.000000000000000000e+00 3.913309398903601505e+03
4.340000000000000000e+04 6.453565764655159910e+03 0.000000000000000000e+00 4.519567989071028023e+03
4.350000000000000000e+04 6.021631332862983982e+03 0.000000000000000000e+00 5.089018994457678673e+03
4.360000000000000000e+04 5.540751361673357678e+03 0.000000000000000000e+00 5.617107701773387817e+03
4.370000000000000000e+04 5.014935638103911515e+03 0.000000000000000000e+00 6.099644664789407216e+03
4.380000000000000000e+04 4.448549097354569312e+03 0.000000000000000000e+00 6.532839446636962748e+03
4.390000000000000000e+04 3.846270197366474804e+03 0.000000000000000000e+00 6.913329884787558512e+03
4.400000000000000000e+04 3.213047092585107293e+03 0.000000000000000000e+00 7.238206686390197319e+03
4.410000000000000000e+04 2.554052181680666763e+03 0.000000000000000000e+00 7.505033242652158151e+03
4.420000000000000000e+04 1.874635594497426609e+03 0.000000000000000000e+00 7.711860628471366908e+03
4.430000000000000000e+04 1.180278162920440764e+03 0.000000000000000000e+00 7.857237825614173744e+03
4.440000000000000000e+04 4.765443902411276440e+02 0.000000000000000000e+00 7.940217272803864944e+03
4.450000000000000000e+04 -2.309641042561992208e+02 0.000000000000000000e+00 7.960355902962998698e+03
4.460000000000000000e+04 -9.366542325084590175e+02 0.000000000000000000e+00 7.917711875765143304e+03
4.470000000000000000e+04 -1.634985791460898326e+03 0.000000000000000000e+00 7.812837252222442658e+03
4.480000000000000000e+04 -2.320514188149005349e+03 0.000000000000000000e+00 7.646766887253051209e+03
4.490000000000000000e+04 -2.987931251270312259e+03 0.000000000000000000e+00 7.421003836346179924e+03
4.500000000000000000e+04 -3.632103893944708943e+03 0.000000000000000000e+00 7.137501584149870723e+03
4.510000000000000000e+04 -4.248110439617483280e+03 0.000000000000000000e+00 6.798643406836338727e+03
4.520000000000000000e+04 -4.831274467022197314e+03 0.000000000000000000e+00 6.407219177393864811e+03
4.530000000000000000e+04 -5.377196069984936003e+03 0.000000000000000000e+00 5.966399914592981077e+03
4.540000000000000000e+04 -5.881780463044882708e+03 0.000000000000000000e+00 5.479710363366642014e+03
4.550000000000000000e+04 -6.341263894035389967e+03 0.000000000000000000e+00 4.950999877822447161e+03
4.560000000000000000e+04 -6.752236849760245605e+03 0.000000000000000000e+00 4.384411859132324025e+03
4.570000000000000000e+04 -7.111664560732200698e+03 0.000000000000000000e+00 3.784351980125116825e+03
4.580000000000000000e+04 -7.416904825784635250e+03 0.000000000000000000e+00 3.155455407464882228e+03
4.590000000000000000e+04 -7.665726917743523700e+03 0.000000000000000000e+00 2.502544583591163700e+03
4.600000000000000000e+04 -7.856319485728897234e+03 0.000000000000000000e+00 1.830603874804308816e+03
4.610000000000000000e+04 -7.987296926111213907e+03 0.000000000000000000e+00 1.144753625819358149e+03
4.620000000000000000e+04 -8.057711646937474143e+03 0.000000000000000000e+00 4.502063243590064303e+02
4.630000000000000000e+04 -8.067059100226004375e+03 0.000000000000000000e+00 -2.477687674856712192e+02
4.640000000000000000e+04 -8.015280320952680995e+03 0.000000000000000000e+00 -9.438811178235213220e+02
4.650000000000000000e+04 -7.902761987790388957e+03 0.000000000000000000e+00 -1.632854454310313486e+03
4.660000000000000000e+04 -7.730334012981297747e+03 0.000000000000000000e+00 -2.309462210022647014e+03
4.670000000000000000e+04 -7.499264660852813904e+03 0.000000000000000000e+00 -2.968562777261596693e+03
4.680000000000000000e+04 -7.211253187042040736e+03 0.000000000000000000e+00 -3.605134457117820602e+03
4.690000000000000000e+04 -6.868419984075651882e+03 0.000000000000000000e+00 -4.214309985932485688e+03
4.700000000000000000e+04 -6.473296894657547455e+03 0.000000000000000000e+00 -4.791406200305158563e+03
4.710000000000000000e+04 -6.028809808884012455e+03 0.000000000000000000e+00 -5.331962115823960630e+03
4.720000000000000000e+04 -5.538258434099811893e+03 0.000000000000000000e+00 -5.831775661842342743e+03
4.730000000000000000e+04 -5.005298673123978915e+03 0.000000000000000000e+00 -6.286930266532758651e+03
4.740000000000000000e+04 -4.433920010438690042e+03 0.000000000000000000e+00 -6.693825009489206423e+03
4.750000000000000000e+04 -3.828420328018507462e+03 0.000000000000000000e+00 -7.049203355746025409e+03
4.760000000000000000e+04 -3.193378167156796735e+03 0.000000000000000000e+00 -7.350180247649895136e+03
4.770000000000000000e+04 -2.533622472479744829e+03 0.000000000000000000e+00 -7.594267313386255410e+03
4.780000000000000000e+04 -1.854199878937687345e+03 0.000000000000000000e+00 -7.779395934937203492e+03
4.790000000000000000e+04 -1.160339631895841876e+03 0.000000000000000000e+00 -7.903937904779595556e+03
4.800000000000000000e+04 -4.574162643135671260e+02 0.000000000000000000e+00 -7.966723390708460101e+03
4.810000000000000000e+04 2.490898069817795886e+02 0.000000000000000000e+00 -7.967055922798671418e+03
4.820000000000000000e+04 9.536335623410546987e+02 0.000000000000000000e+00 -7.904724116687980313e+03
4.830000000000000000e+04 1.650648289733994943e+03 0.000000000000000000e+00 -7.780009854011971584e+03
4.840000000000000000e+04 2.334589830575280757e+03 0.000000000000000000e+00 -7.593692654779481018e+03
4.850000000000000000e+04 2.999981820327572677e+03 0.000000000000000000e+00 -7.347049998426714410e+03
4.860000000000000000e+04 3.641461537575260536e+03 0.000000000000000000e+00 -7.041853380707276301e+03
4.870000000000000000e+04 4.253825932041735541e+03 0.000000000000000000e+00 -6.680359932686168577e+03
4.880000000000000000e+04 4.832077362965977954e+03 0.000000000000000000e+00 -6.265299475829923722e+03
4.890000000000000000e+04 5.371468546099954438e+03 0.000000000000000000e+00 -5.799856943104311540e+03
4.900000000000000000e+04 5.867546182055479221e+03 0.000000000000000000e+00 -5.287650159322284708e+03
4.910000000000000000e+04 6.316192722435092037e+03 0.000000000000000000e+00 -4.732703043570113550e+03
4.920000000000000000e+04 6.713665724555027737e+03 0.000000000000000000e+00 -4.139414370856408823e+03
4.930000000000000000e+04 7.056634251762751774e+03 0.000000000000000000e+00 -3.512522307321249173e+03
4.940000000000000000e+04 7.342211795162073031e+03 0.000000000000000000e+00 -2.857065011276133646e+03
4.950000000000000000e+04 7.567942113352134584e+03 0.000000000000000000e+00 -2.178450116419180176e+03
4.960000000000000000e+04 7.731878951458900701e+03 0.000000000000000000e+00 -1.482292272723357655e+03
4.970000000000000000e+04 7.832647244784872782e+03 0.000000000000000000e+00 -7.742501004735789820e+02
4.980000000000000000e+04 7.869400359023390592e+03 0.000000000000000000e+00 -6.009035386099037623e+01
4.990000000000000000e+04 7.841828182231185565e+03 0.000000000000000000e+00 6.543632664816286706e+02
5.000000000000000000e+04 7.750159966213051121e+03 0.000000000000000000e+00 1.363281766396699823e+03
5.010000000000000000e+04 7.595161927983555870e+03 0.000000000000000000e+00 2.060882393332581159e+03
5.020000000000000000e+04 7.378129693416401096e+03 0.000000000000000000e+00 2.741479482709130934e+03
5.030000000000000000e+04 7.100875733011489501e+03 0.000000000000000000e+00 3.399534066507945681e+03
5.040000000000000000e+04 6.765712002458174538e+03 0.000000000000000000e+00 4.029701725847612124e+03
5.050000000000000000e+04 6.375393509164608986e+03 0.000000000000000000e+00 4.626936668366972299e+03
5.060000000000000000e+04 5.933124188026211414e+03 0.000000000000000000e+00 5.186469609779755046e+03
5.070000000000000000e+04 5.442562809280432703e+03 0.000000000000000000e+00 5.703789367797462546e+03
5.080000000000000000e+04 4.907758872729952600e+03 0.000000000000000000e+00 6.174744947852621408e+03
5.090000000000000000e+04 4.333116064252779324e+03 0.000000000000000000e+00 6.595579150774476147e+03
5.100000000000000000e+04 3.723352885853479620e+03 0.000000000000000000e+00 6.962958270771452590e+03
5.110000000000000000e+04 3.083460912309182731e+03 0.000000000000000000e+00 7.273997663539519635e+03
5.120000000000000000e+04 2.418661139920425740e+03 0.000000000000000000e+00 7.526283022269322828e+03
5.130000000000000000e+04 1.734358897171136960e+03 0.000000000000000000e+00 7.717887256657090802e+03
5.140000000000000000e+04 1.036097783714388697e+03 0.000000000000000000e+00 7.847382925504844934e+03
5.150000000000000000e+04 3.295130936999165669e+02 0.000000000000000000e+00 7.913850226041526184e+03
5.160000000000000000e+04 -3.797148371352848244e+02 0.000000000000000000e+00 7.916880591799507783e+03
5.170000000000000000e+04 -1.085906943053113082e+03 0.000000000000000000e+00 7.856575995023427822e+03
5.180000000000000000e+04 -1.783431007150487403e+03 0.000000000000000000e+00 7.733544088652981372e+03
5.190000000000000000e+04 -2.466746145404152230e+03 0.000000000000000000e+00 7.548889356589883391e+03
5.200000000000000000e+04 -3.130445865511715056e+03 0.000000000000000000e+00 7.304200469103919204e+03
5.210000000000000000e+04 -3.769299403024582716e+03 0.000000000000000000e+00 7.001534062901787365e+03
5.220000000000000000e+04 -4.378291070563876929e+03 0.000000000000000000e+00 6.643395182779053357e+03
5.230000000000000000e+04 -4.952657388795283623e+03 0.000000000000000000e+00 6.232714634236112033e+03
5.240000000000000000e+04 -5.487921799625177300e+03 0.000000000000000000e+00 5.772823504406920620e+03
5.250000000000000000e+04 -5.979926792200369164e+03 0.000000000000000000e+00 5.267425112648728827e+03
5.260000000000000000e+04 -6.424863300304523364e+03 0.000000000000000000e+00 4.720564652752067559e+03
5.270000000000000000e+04 -6.819297255327736821e+03 0.000000000000000000e+00 4.136596786564087779e+03
5.280000000000000000e+04 -7.160193201945540750e+03 0.000000000000000000e+00 3.520151444495707437e+03
5.290000000000000000e+04 -7.444934903897689765e+03 0.000000000000000000e+00 2.876098082514090947e+03
